
dz = 10
dt = 4.00
     4.17   240.00
     8.33   120.00

dz = 11
dt = 4.40
     7.58   132.00

dz = 12
dt = 4.80
     6.94   144.00

dz = 13
dt = 5.20
     6.41   156.00

dz = 14
dt = 5.60
     5.95   168.00

dz = 15
dt = 6.00
     5.56   180.00
     8.33   120.00

dz = 16
dt = 6.40
     5.21   192.00
     7.81   128.00

dz = 17
dt = 6.80
     4.90   204.00
     7.35   136.00

dz = 18
dt = 7.20
     4.63   216.00
     6.94   144.00

dz = 19
dt = 7.60
     4.39   228.00
     6.58   152.00

dz = 20
dt = 8.00
     4.17   240.00
     6.25   160.00
     8.33   120.00

dz = 21
dt = 8.40
     5.95   168.00
     7.94   126.00

dz = 22
dt = 8.80
     5.68   176.00
     7.58   132.00

dz = 23
dt = 9.20
     5.43   184.00
     7.25   138.00

dz = 24
dt = 9.60
     5.21   192.00
     6.94   144.00

dz = 25
dt = 10.00
     5.00   200.00
     6.67   150.00
     8.33   120.00

dz = 26
dt = 10.40
     4.81   208.00
     6.41   156.00
     8.01   124.80

dz = 27
dt = 10.80
     4.63   216.00
     6.17   162.00
     7.72   129.60

dz = 28
dt = 11.20
     4.46   224.00
     5.95   168.00
     7.44   134.40

dz = 29
dt = 11.60
     4.31   232.00
     5.75   174.00
     7.18   139.20

dz = 30
dt = 12.00
     4.17   240.00
     5.56   180.00
     6.94   144.00
     8.33   120.00

dz = 31
dt = 12.40
     4.03   248.00
     5.38   186.00
     6.72   148.80
     8.06   124.00

dz = 32
dt = 12.80
     5.21   192.00
     6.51   153.60
     7.81   128.00

dz = 33
dt = 13.20
     5.05   198.00
     6.31   158.40
     7.58   132.00

dz = 34
dt = 13.60
     4.90   204.00
     6.13   163.20
     7.35   136.00

dz = 35
dt = 14.00
     4.76   210.00
     5.95   168.00
     7.14   140.00
     8.33   120.00

dz = 36
dt = 14.40
     4.63   216.00
     5.79   172.80
     6.94   144.00
     8.10   123.43

dz = 37
dt = 14.80
     4.50   222.00
     5.63   177.60
     6.76   148.00
     7.88   126.86

dz = 38
dt = 15.20
     4.39   228.00
     5.48   182.40
     6.58   152.00
     7.68   130.29

dz = 39
dt = 15.60
     4.27   234.00
     5.34   187.20
     6.41   156.00
     7.48   133.71

dz = 40
dt = 16.00
     4.17   240.00
     5.21   192.00
     6.25   160.00
     7.29   137.14
     8.33   120.00

dz = 41
dt = 16.40
     4.07   246.00
     5.08   196.80
     6.10   164.00
     7.11   140.57
     8.13   123.00

dz = 42
dt = 16.80
     4.96   201.60
     5.95   168.00
     6.94   144.00
     7.94   126.00

dz = 43
dt = 17.20
     4.84   206.40
     5.81   172.00
     6.78   147.43
     7.75   129.00

dz = 44
dt = 17.60
     4.73   211.20
     5.68   176.00
     6.63   150.86
     7.58   132.00

dz = 45
dt = 18.00
     4.63   216.00
     5.56   180.00
     6.48   154.29
     7.41   135.00
     8.33   120.00

dz = 46
dt = 18.40
     4.53   220.80
     5.43   184.00
     6.34   157.71
     7.25   138.00
     8.15   122.67

dz = 47
dt = 18.80
     4.43   225.60
     5.32   188.00
     6.21   161.14
     7.09   141.00
     7.98   125.33

dz = 48
dt = 19.20
     4.34   230.40
     5.21   192.00
     6.08   164.57
     6.94   144.00
     7.81   128.00

dz = 49
dt = 19.60
     4.25   235.20
     5.10   196.00
     5.95   168.00
     6.80   147.00
     7.65   130.67

dz = 50
dt = 20.00
     4.17   240.00
     5.00   200.00
     5.83   171.43
     6.67   150.00
     7.50   133.33
     8.33   120.00

dz = 51
dt = 20.40
     4.08   244.80
     4.90   204.00
     5.72   174.86
     6.54   153.00
     7.35   136.00
     8.17   122.40

dz = 52
dt = 20.80
     4.01   249.60
     4.81   208.00
     5.61   178.29
     6.41   156.00
     7.21   138.67
     8.01   124.80

dz = 53
dt = 21.20
     4.72   212.00
     5.50   181.71
     6.29   159.00
     7.08   141.33
     7.86   127.20

dz = 54
dt = 21.60
     4.63   216.00
     5.40   185.14
     6.17   162.00
     6.94   144.00
     7.72   129.60
     8.49   117.82

dz = 55
dt = 22.00
     4.55   220.00
     5.30   188.57
     6.06   165.00
     6.82   146.67
     7.58   132.00
     8.33   120.00

dz = 56
dt = 22.40
     4.46   224.00
     5.21   192.00
     5.95   168.00
     6.70   149.33
     7.44   134.40
     8.18   122.18

dz = 57
dt = 22.80
     4.39   228.00
     5.12   195.43
     5.85   171.00
     6.58   152.00
     7.31   136.80
     8.04   124.36

dz = 58
dt = 23.20
     4.31   232.00
     5.03   198.86
     5.75   174.00
     6.47   154.67
     7.18   139.20
     7.90   126.55

dz = 59
dt = 23.60
     4.24   236.00
     4.94   202.29
     5.65   177.00
     6.36   157.33
     7.06   141.60
     7.77   128.73
     8.47   118.00

dz = 60
dt = 24.00
     4.17   240.00
     4.86   205.71
     5.56   180.00
     6.25   160.00
     6.94   144.00
     7.64   130.91
     8.33   120.00

dz = 61
dt = 24.40
     4.10   244.00
     4.78   209.14
     5.46   183.00
     6.15   162.67
     6.83   146.40
     7.51   133.09
     8.20   122.00

dz = 62
dt = 24.80
     4.03   248.00
     4.70   212.57
     5.38   186.00
     6.05   165.33
     6.72   148.80
     7.39   135.27
     8.06   124.00

dz = 63
dt = 25.20
     4.63   216.00
     5.29   189.00
     5.95   168.00
     6.61   151.20
     7.28   137.45
     7.94   126.00

dz = 64
dt = 25.60
     4.56   219.43
     5.21   192.00
     5.86   170.67
     6.51   153.60
     7.16   139.64
     7.81   128.00
     8.46   118.15

dz = 65
dt = 26.00
     4.49   222.86
     5.13   195.00
     5.77   173.33
     6.41   156.00
     7.05   141.82
     7.69   130.00
     8.33   120.00

dz = 66
dt = 26.40
     4.42   226.29
     5.05   198.00
     5.68   176.00
     6.31   158.40
     6.94   144.00
     7.58   132.00
     8.21   121.85

dz = 67
dt = 26.80
     4.35   229.71
     4.98   201.00
     5.60   178.67
     6.22   160.80
     6.84   146.18
     7.46   134.00
     8.08   123.69

dz = 68
dt = 27.20
     4.29   233.14
     4.90   204.00
     5.51   181.33
     6.13   163.20
     6.74   148.36
     7.35   136.00
     7.97   125.54

dz = 69
dt = 27.60
     4.23   236.57
     4.83   207.00
     5.43   184.00
     6.04   165.60
     6.64   150.55
     7.25   138.00
     7.85   127.38
     8.45   118.29

dz = 70
dt = 28.00
     4.17   240.00
     4.76   210.00
     5.36   186.67
     5.95   168.00
     6.55   152.73
     7.14   140.00
     7.74   129.23
     8.33   120.00

dz = 71
dt = 28.40
     4.11   243.43
     4.69   213.00
     5.28   189.33
     5.87   170.40
     6.46   154.91
     7.04   142.00
     7.63   131.08
     8.22   121.71

dz = 72
dt = 28.80
     4.05   246.86
     4.63   216.00
     5.21   192.00
     5.79   172.80
     6.37   157.09
     6.94   144.00
     7.52   132.92
     8.10   123.43

dz = 73
dt = 29.20
     4.57   219.00
     5.14   194.67
     5.71   175.20
     6.28   159.27
     6.85   146.00
     7.42   134.77
     7.99   125.14

dz = 74
dt = 29.60
     4.50   222.00
     5.07   197.33
     5.63   177.60
     6.19   161.45
     6.76   148.00
     7.32   136.62
     7.88   126.86
     8.45   118.40

dz = 75
dt = 30.00
     4.44   225.00
     5.00   200.00
     5.56   180.00
     6.11   163.64
     6.67   150.00
     7.22   138.46
     7.78   128.57
     8.33   120.00

dz = 76
dt = 30.40
     4.39   228.00
     4.93   202.67
     5.48   182.40
     6.03   165.82
     6.58   152.00
     7.13   140.31
     7.68   130.29
     8.22   121.60

dz = 77
dt = 30.80
     4.33   231.00
     4.87   205.33
     5.41   184.80
     5.95   168.00
     6.49   154.00
     7.03   142.15
     7.58   132.00
     8.12   123.20

dz = 78
dt = 31.20
     4.27   234.00
     4.81   208.00
     5.34   187.20
     5.88   170.18
     6.41   156.00
     6.94   144.00
     7.48   133.71
     8.01   124.80

dz = 79
dt = 31.60
     4.22   237.00
     4.75   210.67
     5.27   189.60
     5.80   172.36
     6.33   158.00
     6.86   145.85
     7.38   135.43
     7.91   126.40
     8.44   118.50

dz = 80
dt = 32.00
     4.17   240.00
     4.69   213.33
     5.21   192.00
     5.73   174.55
     6.25   160.00
     6.77   147.69
     7.29   137.14
     7.81   128.00
     8.33   120.00

dz = 81
dt = 32.40
     4.12   243.00
     4.63   216.00
     5.14   194.40
     5.66   176.73
     6.17   162.00
     6.69   149.54
     7.20   138.86
     7.72   129.60
     8.23   121.50

dz = 82
dt = 32.80
     4.07   246.00
     4.57   218.67
     5.08   196.80
     5.59   178.91
     6.10   164.00
     6.61   151.38
     7.11   140.57
     7.62   131.20
     8.13   123.00

dz = 83
dt = 33.20
     4.02   249.00
     4.52   221.33
     5.02   199.20
     5.52   181.09
     6.02   166.00
     6.53   153.23
     7.03   142.29
     7.53   132.80
     8.03   124.50

dz = 84
dt = 33.60
     4.46   224.00
     4.96   201.60
     5.46   183.27
     5.95   168.00
     6.45   155.08
     6.94   144.00
     7.44   134.40
     7.94   126.00
     8.43   118.59

dz = 85
dt = 34.00
     4.41   226.67
     4.90   204.00
     5.39   185.45
     5.88   170.00
     6.37   156.92
     6.86   145.71
     7.35   136.00
     7.84   127.50
     8.33   120.00

dz = 86
dt = 34.40
     4.36   229.33
     4.84   206.40
     5.33   187.64
     5.81   172.00
     6.30   158.77
     6.78   147.43
     7.27   137.60
     7.75   129.00
     8.24   121.41

dz = 87
dt = 34.80
     4.31   232.00
     4.79   208.80
     5.27   189.82
     5.75   174.00
     6.23   160.62
     6.70   149.14
     7.18   139.20
     7.66   130.50
     8.14   122.82

dz = 88
dt = 35.20
     4.26   234.67
     4.73   211.20
     5.21   192.00
     5.68   176.00
     6.16   162.46
     6.63   150.86
     7.10   140.80
     7.58   132.00
     8.05   124.24

dz = 89
dt = 35.60
     4.21   237.33
     4.68   213.60
     5.15   194.18
     5.62   178.00
     6.09   164.31
     6.55   152.57
     7.02   142.40
     7.49   133.50
     7.96   125.65
     8.43   118.67

dz = 90
dt = 36.00
     4.17   240.00
     4.63   216.00
     5.09   196.36
     5.56   180.00
     6.02   166.15
     6.48   154.29
     6.94   144.00
     7.41   135.00
     7.87   127.06
     8.33   120.00

dz = 91
dt = 36.40
     4.12   242.67
     4.58   218.40
     5.04   198.55
     5.49   182.00
     5.95   168.00
     6.41   156.00
     6.87   145.60
     7.33   136.50
     7.78   128.47
     8.24   121.33

dz = 92
dt = 36.80
     4.08   245.33
     4.53   220.80
     4.98   200.73
     5.43   184.00
     5.89   169.85
     6.34   157.71
     6.79   147.20
     7.25   138.00
     7.70   129.88
     8.15   122.67

dz = 93
dt = 37.20
     4.03   248.00
     4.48   223.20
     4.93   202.91
     5.38   186.00
     5.82   171.69
     6.27   159.43
     6.72   148.80
     7.17   139.50
     7.62   131.29
     8.06   124.00

dz = 94
dt = 37.60
     4.43   225.60
     4.88   205.09
     5.32   188.00
     5.76   173.54
     6.21   161.14
     6.65   150.40
     7.09   141.00
     7.54   132.71
     7.98   125.33
     8.42   118.74

dz = 95
dt = 38.00
     4.39   228.00
     4.82   207.27
     5.26   190.00
     5.70   175.38
     6.14   162.86
     6.58   152.00
     7.02   142.50
     7.46   134.12
     7.89   126.67
     8.33   120.00

dz = 96
dt = 38.40
     4.34   230.40
     4.77   209.45
     5.21   192.00
     5.64   177.23
     6.08   164.57
     6.51   153.60
     6.94   144.00
     7.38   135.53
     7.81   128.00
     8.25   121.26

dz = 97
dt = 38.80
     4.30   232.80
     4.73   211.64
     5.15   194.00
     5.58   179.08
     6.01   166.29
     6.44   155.20
     6.87   145.50
     7.30   136.94
     7.73   129.33
     8.16   122.53

dz = 98
dt = 39.20
     4.25   235.20
     4.68   213.82
     5.10   196.00
     5.53   180.92
     5.95   168.00
     6.38   156.80
     6.80   147.00
     7.23   138.35
     7.65   130.67
     8.08   123.79

dz = 99
dt = 39.60
     4.21   237.60
     4.63   216.00
     5.05   198.00
     5.47   182.77
     5.89   169.71
     6.31   158.40
     6.73   148.50
     7.15   139.76
     7.58   132.00
     8.00   125.05
     8.42   118.80

dz = 100
dt = 40.00
     4.17   240.00
     4.58   218.18
     5.00   200.00
     5.42   184.62
     5.83   171.43
     6.25   160.00
     6.67   150.00
     7.08   141.18
     7.50   133.33
     7.92   126.32
     8.33   120.00

dz = 101
dt = 40.40
     4.13   242.40
     4.54   220.36
     4.95   202.00
     5.36   186.46
     5.78   173.14
     6.19   161.60
     6.60   151.50
     7.01   142.59
     7.43   134.67
     7.84   127.58
     8.25   121.20

dz = 102
dt = 40.80
     4.08   244.80
     4.49   222.55
     4.90   204.00
     5.31   188.31
     5.72   174.86
     6.13   163.20
     6.54   153.00
     6.94   144.00
     7.35   136.00
     7.76   128.84
     8.17   122.40

dz = 103
dt = 41.20
     4.05   247.20
     4.45   224.73
     4.85   206.00
     5.26   190.15
     5.66   176.57
     6.07   164.80
     6.47   154.50
     6.88   145.41
     7.28   137.33
     7.69   130.11
     8.09   123.60
     8.50   117.71

dz = 104
dt = 41.60
     4.01   249.60
     4.41   226.91
     4.81   208.00
     5.21   192.00
     5.61   178.29
     6.01   166.40
     6.41   156.00
     6.81   146.82
     7.21   138.67
     7.61   131.37
     8.01   124.80
     8.41   118.86

dz = 105
dt = 42.00
     4.37   229.09
     4.76   210.00
     5.16   193.85
     5.56   180.00
     5.95   168.00
     6.35   157.50
     6.75   148.24
     7.14   140.00
     7.54   132.63
     7.94   126.00
     8.33   120.00

dz = 106
dt = 42.40
     4.32   231.27
     4.72   212.00
     5.11   195.69
     5.50   181.71
     5.90   169.60
     6.29   159.00
     6.68   149.65
     7.08   141.33
     7.47   133.89
     7.86   127.20
     8.25   121.14

dz = 107
dt = 42.80
     4.28   233.45
     4.67   214.00
     5.06   197.54
     5.45   183.43
     5.84   171.20
     6.23   160.50
     6.62   151.06
     7.01   142.67
     7.40   135.16
     7.79   128.40
     8.18   122.29

dz = 108
dt = 43.20
     4.24   235.64
     4.63   216.00
     5.02   199.38
     5.40   185.14
     5.79   172.80
     6.17   162.00
     6.56   152.47
     6.94   144.00
     7.33   136.42
     7.72   129.60
     8.10   123.43
     8.49   117.82

dz = 109
dt = 43.60
     4.20   237.82
     4.59   218.00
     4.97   201.23
     5.35   186.86
     5.73   174.40
     6.12   163.50
     6.50   153.88
     6.88   145.33
     7.26   137.68
     7.65   130.80
     8.03   124.57
     8.41   118.91

dz = 110
dt = 44.00
     4.17   240.00
     4.55   220.00
     4.92   203.08
     5.30   188.57
     5.68   176.00
     6.06   165.00
     6.44   155.29
     6.82   146.67
     7.20   138.95
     7.58   132.00
     7.95   125.71
     8.33   120.00

dz = 111
dt = 44.40
     4.13   242.18
     4.50   222.00
     4.88   204.92
     5.26   190.29
     5.63   177.60
     6.01   166.50
     6.38   156.71
     6.76   148.00
     7.13   140.21
     7.51   133.20
     7.88   126.86
     8.26   121.09

dz = 112
dt = 44.80
     4.09   244.36
     4.46   224.00
     4.84   206.77
     5.21   192.00
     5.58   179.20
     5.95   168.00
     6.32   158.12
     6.70   149.33
     7.07   141.47
     7.44   134.40
     7.81   128.00
     8.18   122.18

dz = 113
dt = 45.20
     4.06   246.55
     4.42   226.00
     4.79   208.62
     5.16   193.71
     5.53   180.80
     5.90   169.50
     6.27   159.53
     6.64   150.67
     7.01   142.74
     7.37   135.60
     7.74   129.14
     8.11   123.27
     8.48   117.91

dz = 114
dt = 45.60
     4.02   248.73
     4.39   228.00
     4.75   210.46
     5.12   195.43
     5.48   182.40
     5.85   171.00
     6.21   160.94
     6.58   152.00
     6.94   144.00
     7.31   136.80
     7.68   130.29
     8.04   124.36
     8.41   118.96

dz = 115
dt = 46.00
     4.35   230.00
     4.71   212.31
     5.07   197.14
     5.43   184.00
     5.80   172.50
     6.16   162.35
     6.52   153.33
     6.88   145.26
     7.25   138.00
     7.61   131.43
     7.97   125.45
     8.33   120.00

dz = 116
dt = 46.40
     4.31   232.00
     4.67   214.15
     5.03   198.86
     5.39   185.60
     5.75   174.00
     6.11   163.76
     6.47   154.67
     6.82   146.53
     7.18   139.20
     7.54   132.57
     7.90   126.55
     8.26   121.04

dz = 117
dt = 46.80
     4.27   234.00
     4.63   216.00
     4.99   200.57
     5.34   187.20
     5.70   175.50
     6.05   165.18
     6.41   156.00
     6.77   147.79
     7.12   140.40
     7.48   133.71
     7.83   127.64
     8.19   122.09

dz = 118
dt = 47.20
     4.24   236.00
     4.59   217.85
     4.94   202.29
     5.30   188.80
     5.65   177.00
     6.00   166.59
     6.36   157.33
     6.71   149.05
     7.06   141.60
     7.42   134.86
     7.77   128.73
     8.12   123.13
     8.47   118.00

dz = 119
dt = 47.60
     4.20   238.00
     4.55   219.69
     4.90   204.00
     5.25   190.40
     5.60   178.50
     5.95   168.00
     6.30   158.67
     6.65   150.32
     7.00   142.80
     7.35   136.00
     7.70   129.82
     8.05   124.17
     8.40   119.00

dz = 120
dt = 48.00
     4.17   240.00
     4.51   221.54
     4.86   205.71
     5.21   192.00
     5.56   180.00
     5.90   169.41
     6.25   160.00
     6.60   151.58
     6.94   144.00
     7.29   137.14
     7.64   130.91
     7.99   125.22
     8.33   120.00

dz = 121
dt = 48.40
     4.13   242.00
     4.48   223.38
     4.82   207.43
     5.17   193.60
     5.51   181.50
     5.85   170.82
     6.20   161.33
     6.54   152.84
     6.89   145.20
     7.23   138.29
     7.58   132.00
     7.92   126.26
     8.26   121.00

dz = 122
dt = 48.80
     4.10   244.00
     4.44   225.23
     4.78   209.14
     5.12   195.20
     5.46   183.00
     5.81   172.24
     6.15   162.67
     6.49   154.11
     6.83   146.40
     7.17   139.43
     7.51   133.09
     7.86   127.30
     8.20   122.00

dz = 123
dt = 49.20
     4.07   246.00
     4.40   227.08
     4.74   210.86
     5.08   196.80
     5.42   184.50
     5.76   173.65
     6.10   164.00
     6.44   155.37
     6.78   147.60
     7.11   140.57
     7.45   134.18
     7.79   128.35
     8.13   123.00
     8.47   118.08

dz = 124
dt = 49.60
     4.03   248.00
     4.37   228.92
     4.70   212.57
     5.04   198.40
     5.38   186.00
     5.71   175.06
     6.05   165.33
     6.38   156.63
     6.72   148.80
     7.06   141.71
     7.39   135.27
     7.73   129.39
     8.06   124.00
     8.40   119.04

dz = 125
dt = 50.00
     4.00   250.00
     4.33   230.77
     4.67   214.29
     5.00   200.00
     5.33   187.50
     5.67   176.47
     6.00   166.67
     6.33   157.89
     6.67   150.00
     7.00   142.86
     7.33   136.36
     7.67   130.43
     8.00   125.00
     8.33   120.00

dz = 126
dt = 50.40
     4.30   232.62
     4.63   216.00
     4.96   201.60
     5.29   189.00
     5.62   177.88
     5.95   168.00
     6.28   159.16
     6.61   151.20
     6.94   144.00
     7.28   137.45
     7.61   131.48
     7.94   126.00
     8.27   120.96

dz = 127
dt = 50.80
     4.27   234.46
     4.59   217.71
     4.92   203.20
     5.25   190.50
     5.58   179.29
     5.91   169.33
     6.23   160.42
     6.56   152.40
     6.89   145.14
     7.22   138.55
     7.55   132.52
     7.87   127.00
     8.20   121.92

dz = 128
dt = 51.20
     4.23   236.31
     4.56   219.43
     4.88   204.80
     5.21   192.00
     5.53   180.71
     5.86   170.67
     6.18   161.68
     6.51   153.60
     6.84   146.29
     7.16   139.64
     7.49   133.57
     7.81   128.00
     8.14   122.88
     8.46   118.15

dz = 129
dt = 51.60
     4.20   238.15
     4.52   221.14
     4.84   206.40
     5.17   193.50
     5.49   182.12
     5.81   172.00
     6.14   162.95
     6.46   154.80
     6.78   147.43
     7.11   140.73
     7.43   134.61
     7.75   129.00
     8.07   123.84
     8.40   119.08

dz = 130
dt = 52.00
     4.17   240.00
     4.49   222.86
     4.81   208.00
     5.13   195.00
     5.45   183.53
     5.77   173.33
     6.09   164.21
     6.41   156.00
     6.73   148.57
     7.05   141.82
     7.37   135.65
     7.69   130.00
     8.01   124.80
     8.33   120.00

dz = 131
dt = 52.40
     4.13   241.85
     4.45   224.57
     4.77   209.60
     5.09   196.50
     5.41   184.94
     5.73   174.67
     6.04   165.47
     6.36   157.20
     6.68   149.71
     7.00   142.91
     7.32   136.70
     7.63   131.00
     7.95   125.76
     8.27   120.92

dz = 132
dt = 52.80
     4.10   243.69
     4.42   226.29
     4.73   211.20
     5.05   198.00
     5.37   186.35
     5.68   176.00
     6.00   166.74
     6.31   158.40
     6.63   150.86
     6.94   144.00
     7.26   137.74
     7.58   132.00
     7.89   126.72
     8.21   121.85

dz = 133
dt = 53.20
     4.07   245.54
     4.39   228.00
     4.70   212.80
     5.01   199.50
     5.33   187.76
     5.64   177.33
     5.95   168.00
     6.27   159.60
     6.58   152.00
     6.89   145.09
     7.21   138.78
     7.52   133.00
     7.83   127.68
     8.15   122.77
     8.46   118.22

dz = 134
dt = 53.60
     4.04   247.38
     4.35   229.71
     4.66   214.40
     4.98   201.00
     5.29   189.18
     5.60   178.67
     5.91   169.26
     6.22   160.80
     6.53   153.14
     6.84   146.18
     7.15   139.83
     7.46   134.00
     7.77   128.64
     8.08   123.69
     8.40   119.11

dz = 135
dt = 54.00
     4.01   249.23
     4.32   231.43
     4.63   216.00
     4.94   202.50
     5.25   190.59
     5.56   180.00
     5.86   170.53
     6.17   162.00
     6.48   154.29
     6.79   147.27
     7.10   140.87
     7.41   135.00
     7.72   129.60
     8.02   124.62
     8.33   120.00

dz = 136
dt = 54.40
     4.29   233.14
     4.60   217.60
     4.90   204.00
     5.21   192.00
     5.51   181.33
     5.82   171.79
     6.13   163.20
     6.43   155.43
     6.74   148.36
     7.05   141.91
     7.35   136.00
     7.66   130.56
     7.97   125.54
     8.27   120.89

dz = 137
dt = 54.80
     4.26   234.86
     4.56   219.20
     4.87   205.50
     5.17   193.41
     5.47   182.67
     5.78   173.05
     6.08   164.40
     6.39   156.57
     6.69   149.45
     7.00   142.96
     7.30   137.00
     7.60   131.52
     7.91   126.46
     8.21   121.78

dz = 138
dt = 55.20
     4.23   236.57
     4.53   220.80
     4.83   207.00
     5.13   194.82
     5.43   184.00
     5.74   174.32
     6.04   165.60
     6.34   157.71
     6.64   150.55
     6.94   144.00
     7.25   138.00
     7.55   132.48
     7.85   127.38
     8.15   122.67
     8.45   118.29

dz = 139
dt = 55.60
     4.20   238.29
     4.50   222.40
     4.80   208.50
     5.10   196.24
     5.40   185.33
     5.70   175.58
     6.00   166.80
     6.29   158.86
     6.59   151.64
     6.89   145.04
     7.19   139.00
     7.49   133.44
     7.79   128.31
     8.09   123.56
     8.39   119.14

dz = 140
dt = 56.00
     4.17   240.00
     4.46   224.00
     4.76   210.00
     5.06   197.65
     5.36   186.67
     5.65   176.84
     5.95   168.00
     6.25   160.00
     6.55   152.73
     6.85   146.09
     7.14   140.00
     7.44   134.40
     7.74   129.23
     8.04   124.44
     8.33   120.00

dz = 141
dt = 56.40
     4.14   241.71
     4.43   225.60
     4.73   211.50
     5.02   199.06
     5.32   188.00
     5.61   178.11
     5.91   169.20
     6.21   161.14
     6.50   153.82
     6.80   147.13
     7.09   141.00
     7.39   135.36
     7.68   130.15
     7.98   125.33
     8.27   120.86

dz = 142
dt = 56.80
     4.11   243.43
     4.40   227.20
     4.69   213.00
     4.99   200.47
     5.28   189.33
     5.58   179.37
     5.87   170.40
     6.16   162.29
     6.46   154.91
     6.75   148.17
     7.04   142.00
     7.34   136.32
     7.63   131.08
     7.92   126.22
     8.22   121.71

dz = 143
dt = 57.20
     4.08   245.14
     4.37   228.80
     4.66   214.50
     4.95   201.88
     5.24   190.67
     5.54   180.63
     5.83   171.60
     6.12   163.43
     6.41   156.00
     6.70   149.22
     6.99   143.00
     7.28   137.28
     7.58   132.00
     7.87   127.11
     8.16   122.57
     8.45   118.34

dz = 144
dt = 57.60
     4.05   246.86
     4.34   230.40
     4.63   216.00
     4.92   203.29
     5.21   192.00
     5.50   181.89
     5.79   172.80
     6.08   164.57
     6.37   157.09
     6.66   150.26
     6.94   144.00
     7.23   138.24
     7.52   132.92
     7.81   128.00
     8.10   123.43
     8.39   119.17

dz = 145
dt = 58.00
     4.02   248.57
     4.31   232.00
     4.60   217.50
     4.89   204.71
     5.17   193.33
     5.46   183.16
     5.75   174.00
     6.03   165.71
     6.32   158.18
     6.61   151.30
     6.90   145.00
     7.18   139.20
     7.47   133.85
     7.76   128.89
     8.05   124.29
     8.33   120.00

dz = 146
dt = 58.40
     4.28   233.60
     4.57   219.00
     4.85   206.12
     5.14   194.67
     5.42   184.42
     5.71   175.20
     5.99   166.86
     6.28   159.27
     6.56   152.35
     6.85   146.00
     7.13   140.16
     7.42   134.77
     7.71   129.78
     7.99   125.14
     8.28   120.83

dz = 147
dt = 58.80
     4.25   235.20
     4.54   220.50
     4.82   207.53
     5.10   196.00
     5.39   185.68
     5.67   176.40
     5.95   168.00
     6.24   160.36
     6.52   153.39
     6.80   147.00
     7.09   141.12
     7.37   135.69
     7.65   130.67
     7.94   126.00
     8.22   121.66

dz = 148
dt = 59.20
     4.22   236.80
     4.50   222.00
     4.79   208.94
     5.07   197.33
     5.35   186.95
     5.63   177.60
     5.91   169.14
     6.19   161.45
     6.48   154.43
     6.76   148.00
     7.04   142.08
     7.32   136.62
     7.60   131.56
     7.88   126.86
     8.16   122.48
     8.45   118.40

dz = 149
dt = 59.60
     4.19   238.40
     4.47   223.50
     4.75   210.35
     5.03   198.67
     5.31   188.21
     5.59   178.80
     5.87   170.29
     6.15   162.55
     6.43   155.48
     6.71   149.00
     6.99   143.04
     7.27   137.54
     7.55   132.44
     7.83   127.71
     8.11   123.31
     8.39   119.20

dz = 150
dt = 60.00
     4.17   240.00
     4.44   225.00
     4.72   211.76
     5.00   200.00
     5.28   189.47
     5.56   180.00
     5.83   171.43
     6.11   163.64
     6.39   156.52
     6.67   150.00
     6.94   144.00
     7.22   138.46
     7.50   133.33
     7.78   128.57
     8.06   124.14
     8.33   120.00

dz = 151
dt = 60.40
     4.14   241.60
     4.42   226.50
     4.69   213.18
     4.97   201.33
     5.24   190.74
     5.52   181.20
     5.79   172.57
     6.07   164.73
     6.35   157.57
     6.62   151.00
     6.90   144.96
     7.17   139.38
     7.45   134.22
     7.73   129.43
     8.00   124.97
     8.28   120.80

dz = 152
dt = 60.80
     4.11   243.20
     4.39   228.00
     4.66   214.59
     4.93   202.67
     5.21   192.00
     5.48   182.40
     5.76   173.71
     6.03   165.82
     6.30   158.61
     6.58   152.00
     6.85   145.92
     7.13   140.31
     7.40   135.11
     7.68   130.29
     7.95   125.79
     8.22   121.60
     8.50   117.68

dz = 153
dt = 61.20
     4.08   244.80
     4.36   229.50
     4.63   216.00
     4.90   204.00
     5.17   193.26
     5.45   183.60
     5.72   174.86
     5.99   166.91
     6.26   159.65
     6.54   153.00
     6.81   146.88
     7.08   141.23
     7.35   136.00
     7.63   131.14
     7.90   126.62
     8.17   122.40
     8.44   118.45

dz = 154
dt = 61.60
     4.06   246.40
     4.33   231.00
     4.60   217.41
     4.87   205.33
     5.14   194.53
     5.41   184.80
     5.68   176.00
     5.95   168.00
     6.22   160.70
     6.49   154.00
     6.76   147.84
     7.03   142.15
     7.31   136.89
     7.58   132.00
     7.85   127.45
     8.12   123.20
     8.39   119.23

dz = 155
dt = 62.00
     4.03   248.00
     4.30   232.50
     4.57   218.82
     4.84   206.67
     5.11   195.79
     5.38   186.00
     5.65   177.14
     5.91   169.09
     6.18   161.74
     6.45   155.00
     6.72   148.80
     6.99   143.08
     7.26   137.78
     7.53   132.86
     7.80   128.28
     8.06   124.00
     8.33   120.00

dz = 156
dt = 62.40
     4.01   249.60
     4.27   234.00
     4.54   220.24
     4.81   208.00
     5.07   197.05
     5.34   187.20
     5.61   178.29
     5.88   170.18
     6.14   162.78
     6.41   156.00
     6.68   149.76
     6.94   144.00
     7.21   138.67
     7.48   133.71
     7.75   129.10
     8.01   124.80
     8.28   120.77

dz = 157
dt = 62.80
     4.25   235.50
     4.51   221.65
     4.78   209.33
     5.04   198.32
     5.31   188.40
     5.57   179.43
     5.84   171.27
     6.10   163.83
     6.37   157.00
     6.63   150.72
     6.90   144.92
     7.17   139.56
     7.43   134.57
     7.70   129.93
     7.96   125.60
     8.23   121.55
     8.49   117.75

dz = 158
dt = 63.20
     4.22   237.00
     4.48   223.06
     4.75   210.67
     5.01   199.58
     5.27   189.60
     5.54   180.57
     5.80   172.36
     6.07   164.87
     6.33   158.00
     6.59   151.68
     6.86   145.85
     7.12   140.44
     7.38   135.43
     7.65   130.76
     7.91   126.40
     8.18   122.32
     8.44   118.50

dz = 159
dt = 63.60
     4.19   238.50
     4.45   224.47
     4.72   212.00
     4.98   200.84
     5.24   190.80
     5.50   181.71
     5.77   173.45
     6.03   165.91
     6.29   159.00
     6.55   152.64
     6.81   146.77
     7.08   141.33
     7.34   136.29
     7.60   131.59
     7.86   127.20
     8.12   123.10
     8.39   119.25

dz = 160
dt = 64.00
     4.17   240.00
     4.43   225.88
     4.69   213.33
     4.95   202.11
     5.21   192.00
     5.47   182.86
     5.73   174.55
     5.99   166.96
     6.25   160.00
     6.51   153.60
     6.77   147.69
     7.03   142.22
     7.29   137.14
     7.55   132.41
     7.81   128.00
     8.07   123.87
     8.33   120.00

dz = 161
dt = 64.40
     4.14   241.50
     4.40   227.29
     4.66   214.67
     4.92   203.37
     5.18   193.20
     5.43   184.00
     5.69   175.64
     5.95   168.00
     6.21   161.00
     6.47   154.56
     6.73   148.62
     6.99   143.11
     7.25   138.00
     7.51   133.24
     7.76   128.80
     8.02   124.65
     8.28   120.75

dz = 162
dt = 64.80
     4.12   243.00
     4.37   228.71
     4.63   216.00
     4.89   204.63
     5.14   194.40
     5.40   185.14
     5.66   176.73
     5.92   169.04
     6.17   162.00
     6.43   155.52
     6.69   149.54
     6.94   144.00
     7.20   138.86
     7.46   134.07
     7.72   129.60
     7.97   125.42
     8.23   121.50
     8.49   117.82

dz = 163
dt = 65.20
     4.09   244.50
     4.35   230.12
     4.60   217.33
     4.86   205.89
     5.11   195.60
     5.37   186.29
     5.62   177.82
     5.88   170.09
     6.13   163.00
     6.39   156.48
     6.65   150.46
     6.90   144.89
     7.16   139.71
     7.41   134.90
     7.67   130.40
     7.92   126.19
     8.18   122.25
     8.44   118.55

dz = 164
dt = 65.60
     4.07   246.00
     4.32   231.53
     4.57   218.67
     4.83   207.16
     5.08   196.80
     5.34   187.43
     5.59   178.91
     5.84   171.13
     6.10   164.00
     6.35   157.44
     6.61   151.38
     6.86   145.78
     7.11   140.57
     7.37   135.72
     7.62   131.20
     7.88   126.97
     8.13   123.00
     8.38   119.27

dz = 165
dt = 66.00
     4.04   247.50
     4.29   232.94
     4.55   220.00
     4.80   208.42
     5.05   198.00
     5.30   188.57
     5.56   180.00
     5.81   172.17
     6.06   165.00
     6.31   158.40
     6.57   152.31
     6.82   146.67
     7.07   141.43
     7.32   136.55
     7.58   132.00
     7.83   127.74
     8.08   123.75
     8.33   120.00

dz = 166
dt = 66.40
     4.02   249.00
     4.27   234.35
     4.52   221.33
     4.77   209.68
     5.02   199.20
     5.27   189.71
     5.52   181.09
     5.77   173.22
     6.02   166.00
     6.28   159.36
     6.53   153.23
     6.78   147.56
     7.03   142.29
     7.28   137.38
     7.53   132.80
     7.78   128.52
     8.03   124.50
     8.28   120.73

dz = 167
dt = 66.80
     4.24   235.76
     4.49   222.67
     4.74   210.95
     4.99   200.40
     5.24   190.86
     5.49   182.18
     5.74   174.26
     5.99   167.00
     6.24   160.32
     6.49   154.15
     6.74   148.44
     6.99   143.14
     7.24   138.21
     7.49   133.60
     7.73   129.29
     7.98   125.25
     8.23   121.45
     8.48   117.88

dz = 168
dt = 67.20
     4.22   237.18
     4.46   224.00
     4.71   212.21
     4.96   201.60
     5.21   192.00
     5.46   183.27
     5.70   175.30
     5.95   168.00
     6.20   161.28
     6.45   155.08
     6.70   149.33
     6.94   144.00
     7.19   139.03
     7.44   134.40
     7.69   130.06
     7.94   126.00
     8.18   122.18
     8.43   118.59

dz = 169
dt = 67.60
     4.19   238.59
     4.44   225.33
     4.68   213.47
     4.93   202.80
     5.18   193.14
     5.42   184.36
     5.67   176.35
     5.92   169.00
     6.16   162.24
     6.41   156.00
     6.66   150.22
     6.90   144.86
     7.15   139.86
     7.40   135.20
     7.64   130.84
     7.89   126.75
     8.14   122.91
     8.38   119.29

dz = 170
dt = 68.00
     4.17   240.00
     4.41   226.67
     4.66   214.74
     4.90   204.00
     5.15   194.29
     5.39   185.45
     5.64   177.39
     5.88   170.00
     6.13   163.20
     6.37   156.92
     6.62   151.11
     6.86   145.71
     7.11   140.69
     7.35   136.00
     7.60   131.61
     7.84   127.50
     8.09   123.64
     8.33   120.00

dz = 171
dt = 68.40
     4.14   241.41
     4.39   228.00
     4.63   216.00
     4.87   205.20
     5.12   195.43
     5.36   186.55
     5.60   178.43
     5.85   171.00
     6.09   164.16
     6.34   157.85
     6.58   152.00
     6.82   146.57
     7.07   141.52
     7.31   136.80
     7.55   132.39
     7.80   128.25
     8.04   124.36
     8.28   120.71

dz = 172
dt = 68.80
     4.12   242.82
     4.36   229.33
     4.60   217.26
     4.84   206.40
     5.09   196.57
     5.33   187.64
     5.57   179.48
     5.81   172.00
     6.06   165.12
     6.30   158.77
     6.54   152.89
     6.78   147.43
     7.03   142.34
     7.27   137.60
     7.51   133.16
     7.75   129.00
     7.99   125.09
     8.24   121.41
     8.48   117.94

dz = 173
dt = 69.20
     4.09   244.24
     4.34   230.67
     4.58   218.53
     4.82   207.60
     5.06   197.71
     5.30   188.73
     5.54   180.52
     5.78   173.00
     6.02   166.08
     6.26   159.69
     6.50   153.78
     6.74   148.29
     6.98   143.17
     7.23   138.40
     7.47   133.94
     7.71   129.75
     7.95   125.82
     8.19   122.12
     8.43   118.63

dz = 174
dt = 69.60
     4.07   245.65
     4.31   232.00
     4.55   219.79
     4.79   208.80
     5.03   198.86
     5.27   189.82
     5.51   181.57
     5.75   174.00
     5.99   167.04
     6.23   160.62
     6.47   154.67
     6.70   149.14
     6.94   144.00
     7.18   139.20
     7.42   134.71
     7.66   130.50
     7.90   126.55
     8.14   122.82
     8.38   119.31

dz = 175
dt = 70.00
     4.05   247.06
     4.29   233.33
     4.52   221.05
     4.76   210.00
     5.00   200.00
     5.24   190.91
     5.48   182.61
     5.71   175.00
     5.95   168.00
     6.19   161.54
     6.43   155.56
     6.67   150.00
     6.90   144.83
     7.14   140.00
     7.38   135.48
     7.62   131.25
     7.86   127.27
     8.10   123.53
     8.33   120.00

dz = 176
dt = 70.40
     4.02   248.47
     4.26   234.67
     4.50   222.32
     4.73   211.20
     4.97   201.14
     5.21   192.00
     5.45   183.65
     5.68   176.00
     5.92   168.96
     6.16   162.46
     6.39   156.44
     6.63   150.86
     6.87   145.66
     7.10   140.80
     7.34   136.26
     7.58   132.00
     7.81   128.00
     8.05   124.24
     8.29   120.69

dz = 177
dt = 70.80
     4.00   249.88
     4.24   236.00
     4.47   223.58
     4.71   212.40
     4.94   202.29
     5.18   193.09
     5.41   184.70
     5.65   177.00
     5.89   169.92
     6.12   163.38
     6.36   157.33
     6.59   151.71
     6.83   146.48
     7.06   141.60
     7.30   137.03
     7.53   132.75
     7.77   128.73
     8.00   124.94
     8.24   121.37
     8.47   118.00

dz = 178
dt = 71.20
     4.21   237.33
     4.45   224.84
     4.68   213.60
     4.92   203.43
     5.15   194.18
     5.38   185.74
     5.62   178.00
     5.85   170.88
     6.09   164.31
     6.32   158.22
     6.55   152.57
     6.79   147.31
     7.02   142.40
     7.26   137.81
     7.49   133.50
     7.72   129.45
     7.96   125.65
     8.19   122.06
     8.43   118.67

dz = 179
dt = 71.60
     4.19   238.67
     4.42   226.11
     4.66   214.80
     4.89   204.57
     5.12   195.27
     5.35   186.78
     5.59   179.00
     5.82   171.84
     6.05   165.23
     6.28   159.11
     6.52   153.43
     6.75   148.14
     6.98   143.20
     7.22   138.58
     7.45   134.25
     7.68   130.18
     7.91   126.35
     8.15   122.74
     8.38   119.33

dz = 180
dt = 72.00
     4.17   240.00
     4.40   227.37
     4.63   216.00
     4.86   205.71
     5.09   196.36
     5.32   187.83
     5.56   180.00
     5.79   172.80
     6.02   166.15
     6.25   160.00
     6.48   154.29
     6.71   148.97
     6.94   144.00
     7.18   139.35
     7.41   135.00
     7.64   130.91
     7.87   127.06
     8.10   123.43
     8.33   120.00

dz = 181
dt = 72.40
     4.14   241.33
     4.37   228.63
     4.60   217.20
     4.83   206.86
     5.06   197.45
     5.29   188.87
     5.52   181.00
     5.76   173.76
     5.99   167.08
     6.22   160.89
     6.45   155.14
     6.68   149.79
     6.91   144.80
     7.14   140.13
     7.37   135.75
     7.60   131.64
     7.83   127.76
     8.06   124.11
     8.29   120.67

dz = 182
dt = 72.80
     4.12   242.67
     4.35   229.89
     4.58   218.40
     4.81   208.00
     5.04   198.55
     5.27   189.91
     5.49   182.00
     5.72   174.72
     5.95   168.00
     6.18   161.78
     6.41   156.00
     6.64   150.62
     6.87   145.60
     7.10   140.90
     7.33   136.50
     7.55   132.36
     7.78   128.47
     8.01   124.80
     8.24   121.33
     8.47   118.05

dz = 183
dt = 73.20
     4.10   244.00
     4.33   231.16
     4.55   219.60
     4.78   209.14
     5.01   199.64
     5.24   190.96
     5.46   183.00
     5.69   175.68
     5.92   168.92
     6.15   162.67
     6.38   156.86
     6.60   151.45
     6.83   146.40
     7.06   141.68
     7.29   137.25
     7.51   133.09
     7.74   129.18
     7.97   125.49
     8.20   122.00
     8.42   118.70

dz = 184
dt = 73.60
     4.08   245.33
     4.30   232.42
     4.53   220.80
     4.76   210.29
     4.98   200.73
     5.21   192.00
     5.43   184.00
     5.66   176.64
     5.89   169.85
     6.11   163.56
     6.34   157.71
     6.57   152.28
     6.79   147.20
     7.02   142.45
     7.25   138.00
     7.47   133.82
     7.70   129.88
     7.93   126.17
     8.15   122.67
     8.38   119.35

dz = 185
dt = 74.00
     4.05   246.67
     4.28   233.68
     4.50   222.00
     4.73   211.43
     4.95   201.82
     5.18   193.04
     5.41   185.00
     5.63   177.60
     5.86   170.77
     6.08   164.44
     6.31   158.57
     6.53   153.10
     6.76   148.00
     6.98   143.23
     7.21   138.75
     7.43   134.55
     7.66   130.59
     7.88   126.86
     8.11   123.33
     8.33   120.00

dz = 186
dt = 74.40
     4.03   248.00
     4.26   234.95
     4.48   223.20
     4.70   212.57
     4.93   202.91
     5.15   194.09
     5.38   186.00
     5.60   178.56
     5.82   171.69
     6.05   165.33
     6.27   159.43
     6.50   153.93
     6.72   148.80
     6.94   144.00
     7.17   139.50
     7.39   135.27
     7.62   131.29
     7.84   127.54
     8.06   124.00
     8.29   120.65

dz = 187
dt = 74.80
     4.01   249.33
     4.23   236.21
     4.46   224.40
     4.68   213.71
     4.90   204.00
     5.12   195.13
     5.35   187.00
     5.57   179.52
     5.79   172.62
     6.02   166.22
     6.24   160.29
     6.46   154.76
     6.68   149.60
     6.91   144.77
     7.13   140.25
     7.35   136.00
     7.58   132.00
     7.80   128.23
     8.02   124.67
     8.24   121.30
     8.47   118.11

dz = 188
dt = 75.20
     4.21   237.47
     4.43   225.60
     4.65   214.86
     4.88   205.09
     5.10   196.17
     5.32   188.00
     5.54   180.48
     5.76   173.54
     5.98   167.11
     6.21   161.14
     6.43   155.59
     6.65   150.40
     6.87   145.55
     7.09   141.00
     7.31   136.73
     7.54   132.71
     7.76   128.91
     7.98   125.33
     8.20   121.95
     8.42   118.74

dz = 189
dt = 75.60
     4.19   238.74
     4.41   226.80
     4.63   216.00
     4.85   206.18
     5.07   197.22
     5.29   189.00
     5.51   181.44
     5.73   174.46
     5.95   168.00
     6.17   162.00
     6.39   156.41
     6.61   151.20
     6.83   146.32
     7.05   141.75
     7.28   137.45
     7.50   133.41
     7.72   129.60
     7.94   126.00
     8.16   122.59
     8.38   119.37

dz = 190
dt = 76.00
     4.17   240.00
     4.39   228.00
     4.61   217.14
     4.82   207.27
     5.04   198.26
     5.26   190.00
     5.48   182.40
     5.70   175.38
     5.92   168.89
     6.14   162.86
     6.36   157.24
     6.58   152.00
     6.80   147.10
     7.02   142.50
     7.24   138.18
     7.46   134.12
     7.68   130.29
     7.89   126.67
     8.11   123.24
     8.33   120.00

dz = 191
dt = 76.40
     4.14   241.26
     4.36   229.20
     4.58   218.29
     4.80   208.36
     5.02   199.30
     5.24   191.00
     5.45   183.36
     5.67   176.31
     5.89   169.78
     6.11   163.71
     6.33   158.07
     6.54   152.80
     6.76   147.87
     6.98   143.25
     7.20   138.91
     7.42   134.82
     7.64   130.97
     7.85   127.33
     8.07   123.89
     8.29   120.63

dz = 192
dt = 76.80
     4.12   242.53
     4.34   230.40
     4.56   219.43
     4.77   209.45
     4.99   200.35
     5.21   192.00
     5.43   184.32
     5.64   177.23
     5.86   170.67
     6.08   164.57
     6.29   158.90
     6.51   153.60
     6.73   148.65
     6.94   144.00
     7.16   139.64
     7.38   135.53
     7.60   131.66
     7.81   128.00
     8.03   124.54
     8.25   121.26
     8.46   118.15

dz = 193
dt = 77.20
     4.10   243.79
     4.32   231.60
     4.53   220.57
     4.75   210.55
     4.97   201.39
     5.18   193.00
     5.40   185.28
     5.61   178.15
     5.83   171.56
     6.04   165.43
     6.26   159.72
     6.48   154.40
     6.69   149.42
     6.91   144.75
     7.12   140.36
     7.34   136.24
     7.56   132.34
     7.77   128.67
     7.99   125.19
     8.20   121.89
     8.42   118.77

dz = 194
dt = 77.60
     4.08   245.05
     4.30   232.80
     4.51   221.71
     4.73   211.64
     4.94   202.43
     5.15   194.00
     5.37   186.24
     5.58   179.08
     5.80   172.44
     6.01   166.29
     6.23   160.55
     6.44   155.20
     6.66   150.19
     6.87   145.50
     7.09   141.09
     7.30   136.94
     7.52   133.03
     7.73   129.33
     7.95   125.84
     8.16   122.53
     8.38   119.38

dz = 195
dt = 78.00
     4.06   246.32
     4.27   234.00
     4.49   222.86
     4.70   212.73
     4.91   203.48
     5.13   195.00
     5.34   187.20
     5.56   180.00
     5.77   173.33
     5.98   167.14
     6.20   161.38
     6.41   156.00
     6.62   150.97
     6.84   146.25
     7.05   141.82
     7.26   137.65
     7.48   133.71
     7.69   130.00
     7.91   126.49
     8.12   123.16
     8.33   120.00

dz = 196
dt = 78.40
     4.04   247.58
     4.25   235.20
     4.46   224.00
     4.68   213.82
     4.89   204.52
     5.10   196.00
     5.31   188.16
     5.53   180.92
     5.74   174.22
     5.95   168.00
     6.16   162.21
     6.38   156.80
     6.59   151.74
     6.80   147.00
     7.02   142.55
     7.23   138.35
     7.44   134.40
     7.65   130.67
     7.87   127.14
     8.08   123.79
     8.29   120.62

dz = 197
dt = 78.80
     4.02   248.84
     4.23   236.40
     4.44   225.14
     4.65   214.91
     4.86   205.57
     5.08   197.00
     5.29   189.12
     5.50   181.85
     5.71   175.11
     5.92   168.86
     6.13   163.03
     6.35   157.60
     6.56   152.52
     6.77   147.75
     6.98   143.27
     7.19   139.06
     7.40   135.09
     7.61   131.33
     7.83   127.78
     8.04   124.42
     8.25   121.23
     8.46   118.20

dz = 198
dt = 79.20
     4.21   237.60
     4.42   226.29
     4.63   216.00
     4.84   206.61
     5.05   198.00
     5.26   190.08
     5.47   182.77
     5.68   176.00
     5.89   169.71
     6.10   163.86
     6.31   158.40
     6.52   153.29
     6.73   148.50
     6.94   144.00
     7.15   139.76
     7.37   135.77
     7.58   132.00
     7.79   128.43
     8.00   125.05
     8.21   121.85
     8.42   118.80

dz = 199
dt = 79.60
     4.19   238.80
     4.40   227.43
     4.61   217.09
     4.82   207.65
     5.03   199.00
     5.23   191.04
     5.44   183.69
     5.65   176.89
     5.86   170.57
     6.07   164.69
     6.28   159.20
     6.49   154.06
     6.70   149.25
     6.91   144.73
     7.12   140.47
     7.33   136.46
     7.54   132.67
     7.75   129.08
     7.96   125.68
     8.17   122.46
     8.38   119.40

dz = 200
dt = 80.00
     4.17   240.00
     4.38   228.57
     4.58   218.18
     4.79   208.70
     5.00   200.00
     5.21   192.00
     5.42   184.62
     5.62   177.78
     5.83   171.43
     6.04   165.52
     6.25   160.00
     6.46   154.84
     6.67   150.00
     6.88   145.45
     7.08   141.18
     7.29   137.14
     7.50   133.33
     7.71   129.73
     7.92   126.32
     8.12   123.08
     8.33   120.00

dz = 201
dt = 80.40
     4.15   241.20
     4.35   229.71
     4.56   219.27
     4.77   209.74
     4.98   201.00
     5.18   192.96
     5.39   185.54
     5.60   178.67
     5.80   172.29
     6.01   166.34
     6.22   160.80
     6.43   155.61
     6.63   150.75
     6.84   146.18
     7.05   141.88
     7.26   137.83
     7.46   134.00
     7.67   130.38
     7.88   126.95
     8.08   123.69
     8.29   120.60
     8.50   117.66

dz = 202
dt = 80.80
     4.13   242.40
     4.33   230.86
     4.54   220.36
     4.74   210.78
     4.95   202.00
     5.16   193.92
     5.36   186.46
     5.57   179.56
     5.78   173.14
     5.98   167.17
     6.19   161.60
     6.39   156.39
     6.60   151.50
     6.81   146.91
     7.01   142.59
     7.22   138.51
     7.43   134.67
     7.63   131.03
     7.84   127.58
     8.04   124.31
     8.25   121.20
     8.46   118.24

dz = 203
dt = 81.20
     4.11   243.60
     4.31   232.00
     4.52   221.45
     4.72   211.83
     4.93   203.00
     5.13   194.88
     5.34   187.38
     5.54   180.44
     5.75   174.00
     5.95   168.00
     6.16   162.40
     6.36   157.16
     6.57   152.25
     6.77   147.64
     6.98   143.29
     7.18   139.20
     7.39   135.33
     7.59   131.68
     7.80   128.21
     8.00   124.92
     8.21   121.80
     8.42   118.83

dz = 204
dt = 81.60
     4.08   244.80
     4.29   233.14
     4.49   222.55
     4.70   212.87
     4.90   204.00
     5.11   195.84
     5.31   188.31
     5.51   181.33
     5.72   174.86
     5.92   168.83
     6.13   163.20
     6.33   157.94
     6.54   153.00
     6.74   148.36
     6.94   144.00
     7.15   139.89
     7.35   136.00
     7.56   132.32
     7.76   128.84
     7.97   125.54
     8.17   122.40
     8.37   119.41

dz = 205
dt = 82.00
     4.07   246.00
     4.27   234.29
     4.47   223.64
     4.67   213.91
     4.88   205.00
     5.08   196.80
     5.28   189.23
     5.49   182.22
     5.69   175.71
     5.89   169.66
     6.10   164.00
     6.30   158.71
     6.50   153.75
     6.71   149.09
     6.91   144.71
     7.11   140.57
     7.32   136.67
     7.52   132.97
     7.72   129.47
     7.93   126.15
     8.13   123.00
     8.33   120.00

dz = 206
dt = 82.40
     4.05   247.20
     4.25   235.43
     4.45   224.73
     4.65   214.96
     4.85   206.00
     5.06   197.76
     5.26   190.15
     5.46   183.11
     5.66   176.57
     5.87   170.48
     6.07   164.80
     6.27   159.48
     6.47   154.50
     6.67   149.82
     6.88   145.41
     7.08   141.26
     7.28   137.33
     7.48   133.62
     7.69   130.11
     7.89   126.77
     8.09   123.60
     8.29   120.59
     8.50   117.71

dz = 207
dt = 82.80
     4.03   248.40
     4.23   236.57
     4.43   225.82
     4.63   216.00
     4.83   207.00
     5.03   198.72
     5.23   191.08
     5.43   184.00
     5.64   177.43
     5.84   171.31
     6.04   165.60
     6.24   160.26
     6.44   155.25
     6.64   150.55
     6.84   146.12
     7.05   141.94
     7.25   138.00
     7.45   134.27
     7.65   130.74
     7.85   127.38
     8.05   124.20
     8.25   121.17
     8.45   118.29

dz = 208
dt = 83.20
     4.01   249.60
     4.21   237.71
     4.41   226.91
     4.61   217.04
     4.81   208.00
     5.01   199.68
     5.21   192.00
     5.41   184.89
     5.61   178.29
     5.81   172.14
     6.01   166.40
     6.21   161.03
     6.41   156.00
     6.61   151.27
     6.81   146.82
     7.01   142.63
     7.21   138.67
     7.41   134.92
     7.61   131.37
     7.81   128.00
     8.01   124.80
     8.21   121.76
     8.41   118.86

dz = 209
dt = 83.60
     4.19   238.86
     4.39   228.00
     4.59   218.09
     4.78   209.00
     4.98   200.64
     5.18   192.92
     5.38   185.78
     5.58   179.14
     5.78   172.97
     5.98   167.20
     6.18   161.81
     6.38   156.75
     6.58   152.00
     6.78   147.53
     6.98   143.31
     7.18   139.33
     7.38   135.57
     7.58   132.00
     7.78   128.62
     7.97   125.40
     8.17   122.34
     8.37   119.43

dz = 210
dt = 84.00
     4.17   240.00
     4.37   229.09
     4.56   219.13
     4.76   210.00
     4.96   201.60
     5.16   193.85
     5.36   186.67
     5.56   180.00
     5.75   173.79
     5.95   168.00
     6.15   162.58
     6.35   157.50
     6.55   152.73
     6.75   148.24
     6.94   144.00
     7.14   140.00
     7.34   136.22
     7.54   132.63
     7.74   129.23
     7.94   126.00
     8.13   122.93
     8.33   120.00

dz = 211
dt = 84.40
     4.15   241.14
     4.34   230.18
     4.54   220.17
     4.74   211.00
     4.94   202.56
     5.13   194.77
     5.33   187.56
     5.53   180.86
     5.73   174.62
     5.92   168.80
     6.12   163.35
     6.32   158.25
     6.52   153.45
     6.71   148.94
     6.91   144.69
     7.11   140.67
     7.31   136.86
     7.50   133.26
     7.70   129.85
     7.90   126.60
     8.10   123.51
     8.29   120.57
     8.49   117.77

dz = 212
dt = 84.80
     4.13   242.29
     4.32   231.27
     4.52   221.22
     4.72   212.00
     4.91   203.52
     5.11   195.69
     5.31   188.44
     5.50   181.71
     5.70   175.45
     5.90   169.60
     6.09   164.13
     6.29   159.00
     6.49   154.18
     6.68   149.65
     6.88   145.37
     7.08   141.33
     7.27   137.51
     7.47   133.89
     7.67   130.46
     7.86   127.20
     8.06   124.10
     8.25   121.14
     8.45   118.33

dz = 213
dt = 85.20
     4.11   243.43
     4.30   232.36
     4.50   222.26
     4.69   213.00
     4.89   204.48
     5.09   196.62
     5.28   189.33
     5.48   182.57
     5.67   176.28
     5.87   170.40
     6.06   164.90
     6.26   159.75
     6.46   154.91
     6.65   150.35
     6.85   146.06
     7.04   142.00
     7.24   138.16
     7.43   134.53
     7.63   131.08
     7.82   127.80
     8.02   124.68
     8.22   121.71
     8.41   118.88

dz = 214
dt = 85.60
     4.09   244.57
     4.28   233.45
     4.48   223.30
     4.67   214.00
     4.87   205.44
     5.06   197.54
     5.26   190.22
     5.45   183.43
     5.65   177.10
     5.84   171.20
     6.04   165.68
     6.23   160.50
     6.43   155.64
     6.62   151.06
     6.81   146.74
     7.01   142.67
     7.20   138.81
     7.40   135.16
     7.59   131.69
     7.79   128.40
     7.98   125.27
     8.18   122.29
     8.37   119.44

dz = 215
dt = 86.00
     4.07   245.71
     4.26   234.55
     4.46   224.35
     4.65   215.00
     4.84   206.40
     5.04   198.46
     5.23   191.11
     5.43   184.29
     5.62   177.93
     5.81   172.00
     6.01   166.45
     6.20   161.25
     6.40   156.36
     6.59   151.76
     6.78   147.43
     6.98   143.33
     7.17   139.46
     7.36   135.79
     7.56   132.31
     7.75   129.00
     7.95   125.85
     8.14   122.86
     8.33   120.00

dz = 216
dt = 86.40
     4.05   246.86
     4.24   235.64
     4.44   225.39
     4.63   216.00
     4.82   207.36
     5.02   199.38
     5.21   192.00
     5.40   185.14
     5.59   178.76
     5.79   172.80
     5.98   167.23
     6.17   162.00
     6.37   157.09
     6.56   152.47
     6.75   148.11
     6.94   144.00
     7.14   140.11
     7.33   136.42
     7.52   132.92
     7.72   129.60
     7.91   126.44
     8.10   123.43
     8.29   120.56
     8.49   117.82

dz = 217
dt = 86.80
     4.03   248.00
     4.22   236.73
     4.42   226.43
     4.61   217.00
     4.80   208.32
     4.99   200.31
     5.18   192.89
     5.38   186.00
     5.57   179.59
     5.76   173.60
     5.95   168.00
     6.14   162.75
     6.34   157.82
     6.53   153.18
     6.72   148.80
     6.91   144.67
     7.10   140.76
     7.30   137.05
     7.49   133.54
     7.68   130.20
     7.87   127.02
     8.06   124.00
     8.26   121.12
     8.45   118.36

dz = 218
dt = 87.20
     4.01   249.14
     4.20   237.82
     4.40   227.48
     4.59   218.00
     4.78   209.28
     4.97   201.23
     5.16   193.78
     5.35   186.86
     5.54   180.41
     5.73   174.40
     5.93   168.77
     6.12   163.50
     6.31   158.55
     6.50   153.88
     6.69   149.49
     6.88   145.33
     7.07   141.41
     7.26   137.68
     7.45   134.15
     7.65   130.80
     7.84   127.61
     8.03   124.57
     8.22   121.67
     8.41   118.91

dz = 219
dt = 87.60
     4.19   238.91
     4.38   228.52
     4.57   219.00
     4.76   210.24
     4.95   202.15
     5.14   194.67
     5.33   187.71
     5.52   181.24
     5.71   175.20
     5.90   169.55
     6.09   164.25
     6.28   159.27
     6.47   154.59
     6.66   150.17
     6.85   146.00
     7.04   142.05
     7.23   138.32
     7.42   134.77
     7.61   131.40
     7.80   128.20
     7.99   125.14
     8.18   122.23
     8.37   119.45

dz = 220
dt = 88.00
     4.17   240.00
     4.36   229.57
     4.55   220.00
     4.73   211.20
     4.92   203.08
     5.11   195.56
     5.30   188.57
     5.49   182.07
     5.68   176.00
     5.87   170.32
     6.06   165.00
     6.25   160.00
     6.44   155.29
     6.63   150.86
     6.82   146.67
     7.01   142.70
     7.20   138.95
     7.39   135.38
     7.58   132.00
     7.77   128.78
     7.95   125.71
     8.14   122.79
     8.33   120.00

dz = 221
dt = 88.40
     4.15   241.09
     4.34   230.61
     4.52   221.00
     4.71   212.16
     4.90   204.00
     5.09   196.44
     5.28   189.43
     5.47   182.90
     5.66   176.80
     5.84   171.10
     6.03   165.75
     6.22   160.73
     6.41   156.00
     6.60   151.54
     6.79   147.33
     6.98   143.35
     7.16   139.58
     7.35   136.00
     7.54   132.60
     7.73   129.37
     7.92   126.29
     8.11   123.35
     8.30   120.55
     8.48   117.87

dz = 222
dt = 88.80
     4.13   242.18
     4.32   231.65
     4.50   222.00
     4.69   213.12
     4.88   204.92
     5.07   197.33
     5.26   190.29
     5.44   183.72
     5.63   177.60
     5.82   171.87
     6.01   166.50
     6.19   161.45
     6.38   156.71
     6.57   152.23
     6.76   148.00
     6.94   144.00
     7.13   140.21
     7.32   136.62
     7.51   133.20
     7.70   129.95
     7.88   126.86
     8.07   123.91
     8.26   121.09
     8.45   118.40

dz = 223
dt = 89.20
     4.11   243.27
     4.30   232.70
     4.48   223.00
     4.67   214.08
     4.86   205.85
     5.04   198.22
     5.23   191.14
     5.42   184.55
     5.61   178.40
     5.79   172.65
     5.98   167.25
     6.17   162.18
     6.35   157.41
     6.54   152.91
     6.73   148.67
     6.91   144.65
     7.10   140.84
     7.29   137.23
     7.47   133.80
     7.66   130.54
     7.85   127.43
     8.03   124.47
     8.22   121.64
     8.41   118.93

dz = 224
dt = 89.60
     4.09   244.36
     4.28   233.74
     4.46   224.00
     4.65   215.04
     4.84   206.77
     5.02   199.11
     5.21   192.00
     5.39   185.38
     5.58   179.20
     5.77   173.42
     5.95   168.00
     6.14   162.91
     6.32   158.12
     6.51   153.60
     6.70   149.33
     6.88   145.30
     7.07   141.47
     7.25   137.85
     7.44   134.40
     7.63   131.12
     7.81   128.00
     8.00   125.02
     8.18   122.18
     8.37   119.47

dz = 225
dt = 90.00
     4.07   245.45
     4.26   234.78
     4.44   225.00
     4.63   216.00
     4.81   207.69
     5.00   200.00
     5.19   192.86
     5.37   186.21
     5.56   180.00
     5.74   174.19
     5.93   168.75
     6.11   163.64
     6.30   158.82
     6.48   154.29
     6.67   150.00
     6.85   145.95
     7.04   142.11
     7.22   138.46
     7.41   135.00
     7.59   131.71
     7.78   128.57
     7.96   125.58
     8.15   122.73
     8.33   120.00

dz = 226
dt = 90.40
     4.06   246.55
     4.24   235.83
     4.42   226.00
     4.61   216.96
     4.79   208.62
     4.98   200.89
     5.16   193.71
     5.35   187.03
     5.53   180.80
     5.72   174.97
     5.90   169.50
     6.08   164.36
     6.27   159.53
     6.45   154.97
     6.64   150.67
     6.82   146.59
     7.01   142.74
     7.19   139.08
     7.37   135.60
     7.56   132.29
     7.74   129.14
     7.93   126.14
     8.11   123.27
     8.30   120.53
     8.48   117.91

dz = 227
dt = 90.80
     4.04   247.64
     4.22   236.87
     4.41   227.00
     4.59   217.92
     4.77   209.54
     4.96   201.78
     5.14   194.57
     5.32   187.86
     5.51   181.60
     5.69   175.74
     5.87   170.25
     6.06   165.09
     6.24   160.24
     6.42   155.66
     6.61   151.33
     6.79   147.24
     6.98   143.37
     7.16   139.69
     7.34   136.20
     7.53   132.88
     7.71   129.71
     7.89   126.70
     8.08   123.82
     8.26   121.07
     8.44   118.43

dz = 228
dt = 91.20
     4.02   248.73
     4.20   237.91
     4.39   228.00
     4.57   218.88
     4.75   210.46
     4.93   202.67
     5.12   195.43
     5.30   188.69
     5.48   182.40
     5.67   176.52
     5.85   171.00
     6.03   165.82
     6.21   160.94
     6.40   156.34
     6.58   152.00
     6.76   147.89
     6.94   144.00
     7.13   140.31
     7.31   136.80
     7.49   133.46
     7.68   130.29
     7.86   127.26
     8.04   124.36
     8.22   121.60
     8.41   118.96

dz = 229
dt = 91.60
     4.00   249.82
     4.18   238.96
     4.37   229.00
     4.55   219.84
     4.73   211.38
     4.91   203.56
     5.09   196.29
     5.28   189.52
     5.46   183.20
     5.64   177.29
     5.82   171.75
     6.00   166.55
     6.19   161.65
     6.37   157.03
     6.55   152.67
     6.73   148.54
     6.91   144.63
     7.10   140.92
     7.28   137.40
     7.46   134.05
     7.64   130.86
     7.82   127.81
     8.01   124.91
     8.19   122.13
     8.37   119.48

dz = 230
dt = 92.00
     4.17   240.00
     4.35   230.00
     4.53   220.80
     4.71   212.31
     4.89   204.44
     5.07   197.14
     5.25   190.34
     5.43   184.00
     5.62   178.06
     5.80   172.50
     5.98   167.27
     6.16   162.35
     6.34   157.71
     6.52   153.33
     6.70   149.19
     6.88   145.26
     7.07   141.54
     7.25   138.00
     7.43   134.63
     7.61   131.43
     7.79   128.37
     7.97   125.45
     8.15   122.67
     8.33   120.00

dz = 231
dt = 92.40
     4.15   241.04
     4.33   231.00
     4.51   221.76
     4.69   213.23
     4.87   205.33
     5.05   198.00
     5.23   191.17
     5.41   184.80
     5.59   178.84
     5.77   173.25
     5.95   168.00
     6.13   163.06
     6.31   158.40
     6.49   154.00
     6.67   149.84
     6.85   145.89
     7.03   142.15
     7.22   138.60
     7.40   135.22
     7.58   132.00
     7.76   128.93
     7.94   126.00
     8.12   123.20
     8.30   120.52
     8.48   117.96

dz = 232
dt = 92.80
     4.13   242.09
     4.31   232.00
     4.49   222.72
     4.67   214.15
     4.85   206.22
     5.03   198.86
     5.21   192.00
     5.39   185.60
     5.57   179.61
     5.75   174.00
     5.93   168.73
     6.11   163.76
     6.29   159.09
     6.47   154.67
     6.65   150.49
     6.82   146.53
     7.00   142.77
     7.18   139.20
     7.36   135.80
     7.54   132.57
     7.72   129.49
     7.90   126.55
     8.08   123.73
     8.26   121.04
     8.44   118.47

dz = 233
dt = 93.20
     4.11   243.13
     4.29   233.00
     4.47   223.68
     4.65   215.08
     4.83   207.11
     5.01   199.71
     5.19   192.83
     5.36   186.40
     5.54   180.39
     5.72   174.75
     5.90   169.45
     6.08   164.47
     6.26   159.77
     6.44   155.33
     6.62   151.14
     6.80   147.16
     6.97   143.38
     7.15   139.80
     7.33   136.39
     7.51   133.14
     7.69   130.05
     7.87   127.09
     8.05   124.27
     8.23   121.57
     8.40   118.98

dz = 234
dt = 93.60
     4.10   244.17
     4.27   234.00
     4.45   224.64
     4.63   216.00
     4.81   208.00
     4.99   200.57
     5.16   193.66
     5.34   187.20
     5.52   181.16
     5.70   175.50
     5.88   170.18
     6.05   165.18
     6.23   160.46
     6.41   156.00
     6.59   151.78
     6.77   147.79
     6.94   144.00
     7.12   140.40
     7.30   136.98
     7.48   133.71
     7.66   130.60
     7.83   127.64
     8.01   124.80
     8.19   122.09
     8.37   119.49

dz = 235
dt = 94.00
     4.08   245.22
     4.26   235.00
     4.43   225.60
     4.61   216.92
     4.79   208.89
     4.96   201.43
     5.14   194.48
     5.32   188.00
     5.50   181.94
     5.67   176.25
     5.85   170.91
     6.03   165.88
     6.21   161.14
     6.38   156.67
     6.56   152.43
     6.74   148.42
     6.91   144.62
     7.09   141.00
     7.27   137.56
     7.45   134.29
     7.62   131.16
     7.80   128.18
     7.98   125.33
     8.16   122.61
     8.33   120.00

dz = 236
dt = 94.40
     4.06   246.26
     4.24   236.00
     4.41   226.56
     4.59   217.85
     4.77   209.78
     4.94   202.29
     5.12   195.31
     5.30   188.80
     5.47   182.71
     5.65   177.00
     5.83   171.64
     6.00   166.59
     6.18   161.83
     6.36   157.33
     6.53   153.08
     6.71   149.05
     6.89   145.23
     7.06   141.60
     7.24   138.15
     7.42   134.86
     7.59   131.72
     7.77   128.73
     7.94   125.87
     8.12   123.13
     8.30   120.51
     8.47   118.00

dz = 237
dt = 94.80
     4.04   247.30
     4.22   237.00
     4.40   227.52
     4.57   218.77
     4.75   210.67
     4.92   203.14
     5.10   196.14
     5.27   189.60
     5.45   183.48
     5.63   177.75
     5.80   172.36
     5.98   167.29
     6.15   162.51
     6.33   158.00
     6.50   153.73
     6.68   149.68
     6.86   145.85
     7.03   142.20
     7.21   138.73
     7.38   135.43
     7.56   132.28
     7.74   129.27
     7.91   126.40
     8.09   123.65
     8.26   121.02
     8.44   118.50

dz = 238
dt = 95.20
     4.03   248.35
     4.20   238.00
     4.38   228.48
     4.55   219.69
     4.73   211.56
     4.90   204.00
     5.08   196.97
     5.25   190.40
     5.43   184.26
     5.60   178.50
     5.78   173.09
     5.95   168.00
     6.13   163.20
     6.30   158.67
     6.48   154.38
     6.65   150.32
     6.83   146.46
     7.00   142.80
     7.18   139.32
     7.35   136.00
     7.53   132.84
     7.70   129.82
     7.88   126.93
     8.05   124.17
     8.23   121.53
     8.40   119.00

dz = 239
dt = 95.60
     4.01   249.39
     4.18   239.00
     4.36   229.44
     4.53   220.62
     4.71   212.44
     4.88   204.86
     5.06   197.79
     5.23   191.20
     5.40   185.03
     5.58   179.25
     5.75   173.82
     5.93   168.71
     6.10   163.89
     6.28   159.33
     6.45   155.03
     6.62   150.95
     6.80   147.08
     6.97   143.40
     7.15   139.90
     7.32   136.57
     7.50   133.40
     7.67   130.36
     7.85   127.47
     8.02   124.70
     8.19   122.04
     8.37   119.50

dz = 240
dt = 96.00
     4.17   240.00
     4.34   230.40
     4.51   221.54
     4.69   213.33
     4.86   205.71
     5.03   198.62
     5.21   192.00
     5.38   185.81
     5.56   180.00
     5.73   174.55
     5.90   169.41
     6.08   164.57
     6.25   160.00
     6.42   155.68
     6.60   151.58
     6.77   147.69
     6.94   144.00
     7.12   140.49
     7.29   137.14
     7.47   133.95
     7.64   130.91
     7.81   128.00
     7.99   125.22
     8.16   122.55
     8.33   120.00

dz = 241
dt = 96.40
     4.15   241.00
     4.32   231.36
     4.50   222.46
     4.67   214.22
     4.84   206.57
     5.01   199.45
     5.19   192.80
     5.36   186.58
     5.53   180.75
     5.71   175.27
     5.88   170.12
     6.05   165.26
     6.22   160.67
     6.40   156.32
     6.57   152.21
     6.74   148.31
     6.92   144.60
     7.09   141.07
     7.26   137.71
     7.43   134.51
     7.61   131.45
     7.78   128.53
     7.95   125.74
     8.13   123.06
     8.30   120.50
     8.47   118.04

dz = 242
dt = 96.80
     4.13   242.00
     4.30   232.32
     4.48   223.38
     4.65   215.11
     4.82   207.43
     4.99   200.28
     5.17   193.60
     5.34   187.35
     5.51   181.50
     5.68   176.00
     5.85   170.82
     6.03   165.94
     6.20   161.33
     6.37   156.97
     6.54   152.84
     6.71   148.92
     6.89   145.20
     7.06   141.66
     7.23   138.29
     7.40   135.07
     7.58   132.00
     7.75   129.07
     7.92   126.26
     8.09   123.57
     8.26   121.00
     8.44   118.53

dz = 243
dt = 97.20
     4.12   243.00
     4.29   233.28
     4.46   224.31
     4.63   216.00
     4.80   208.29
     4.97   201.10
     5.14   194.40
     5.32   188.13
     5.49   182.25
     5.66   176.73
     5.83   171.53
     6.00   166.63
     6.17   162.00
     6.34   157.62
     6.52   153.47
     6.69   149.54
     6.86   145.80
     7.03   142.24
     7.20   138.86
     7.37   135.63
     7.54   132.55
     7.72   129.60
     7.89   126.78
     8.06   124.09
     8.23   121.50
     8.40   119.02

dz = 244
dt = 97.60
     4.10   244.00
     4.27   234.24
     4.44   225.23
     4.61   216.89
     4.78   209.14
     4.95   201.93
     5.12   195.20
     5.29   188.90
     5.46   183.00
     5.64   177.45
     5.81   172.24
     5.98   167.31
     6.15   162.67
     6.32   158.27
     6.49   154.11
     6.66   150.15
     6.83   146.40
     7.00   142.83
     7.17   139.43
     7.34   136.19
     7.51   133.09
     7.68   130.13
     7.86   127.30
     8.03   124.60
     8.20   122.00
     8.37   119.51

dz = 245
dt = 98.00
     4.08   245.00
     4.25   235.20
     4.42   226.15
     4.59   217.78
     4.76   210.00
     4.93   202.76
     5.10   196.00
     5.27   189.68
     5.44   183.75
     5.61   178.18
     5.78   172.94
     5.95   168.00
     6.12   163.33
     6.29   158.92
     6.46   154.74
     6.63   150.77
     6.80   147.00
     6.97   143.41
     7.14   140.00
     7.31   136.74
     7.48   133.64
     7.65   130.67
     7.82   127.83
     7.99   125.11
     8.16   122.50
     8.33   120.00

dz = 246
dt = 98.40
     4.07   246.00
     4.23   236.16
     4.40   227.08
     4.57   218.67
     4.74   210.86
     4.91   203.59
     5.08   196.80
     5.25   190.45
     5.42   184.50
     5.59   178.91
     5.76   173.65
     5.93   168.69
     6.10   164.00
     6.27   159.57
     6.44   155.37
     6.61   151.38
     6.78   147.60
     6.94   144.00
     7.11   140.57
     7.28   137.30
     7.45   134.18
     7.62   131.20
     7.79   128.35
     7.96   125.62
     8.13   123.00
     8.30   120.49
     8.47   118.08

dz = 247
dt = 98.80
     4.05   247.00
     4.22   237.12
     4.39   228.00
     4.55   219.56
     4.72   211.71
     4.89   204.41
     5.06   197.60
     5.23   191.23
     5.40   185.25
     5.57   179.64
     5.74   174.35
     5.90   169.37
     6.07   164.67
     6.24   160.22
     6.41   156.00
     6.58   152.00
     6.75   148.20
     6.92   144.59
     7.09   141.14
     7.25   137.86
     7.42   134.73
     7.59   131.73
     7.76   128.87
     7.93   126.13
     8.10   123.50
     8.27   120.98
     8.43   118.56

dz = 248
dt = 99.20
     4.03   248.00
     4.20   238.08
     4.37   228.92
     4.54   220.44
     4.70   212.57
     4.87   205.24
     5.04   198.40
     5.21   192.00
     5.38   186.00
     5.54   180.36
     5.71   175.06
     5.88   170.06
     6.05   165.33
     6.22   160.86
     6.38   156.63
     6.55   152.62
     6.72   148.80
     6.89   145.17
     7.06   141.71
     7.22   138.42
     7.39   135.27
     7.56   132.27
     7.73   129.39
     7.90   126.64
     8.06   124.00
     8.23   121.47
     8.40   119.04

dz = 249
dt = 99.60
     4.02   249.00
     4.18   239.04
     4.35   229.85
     4.52   221.33
     4.69   213.43
     4.85   206.07
     5.02   199.20
     5.19   192.77
     5.35   186.75
     5.52   181.09
     5.69   175.76
     5.86   170.74
     6.02   166.00
     6.19   161.51
     6.36   157.26
     6.53   153.23
     6.69   149.40
     6.86   145.76
     7.03   142.29
     7.20   138.98
     7.36   135.82
     7.53   132.80
     7.70   129.91
     7.86   127.15
     8.03   124.50
     8.20   121.96
     8.37   119.52

dz = 250
dt = 100.00
     4.00   250.00
     4.17   240.00
     4.33   230.77
     4.50   222.22
     4.67   214.29
     4.83   206.90
     5.00   200.00
     5.17   193.55
     5.33   187.50
     5.50   181.82
     5.67   176.47
     5.83   171.43
     6.00   166.67
     6.17   162.16
     6.33   157.89
     6.50   153.85
     6.67   150.00
     6.83   146.34
     7.00   142.86
     7.17   139.53
     7.33   136.36
     7.50   133.33
     7.67   130.43
     7.83   127.66
     8.00   125.00
     8.17   122.45
     8.33   120.00
     8.50   117.65
