Time (UT), 	 6-12 keV, 	 12-25 keV, 	 25-50 keV, 	 50-100 keV, 	 Attenuator State, 	 Eclipse State 
2014-04-18T12:50:04.000,	760.0,	172.22,	9.45,	14.22,	0.0,	1.0
2014-04-18T12:50:08.000,	608.0,	200.93,	10.64,	14.22,	0.0,	0.0
2014-04-18T12:50:12.000,	608.0,	172.22,	9.45,	14.22,	0.0,	0.0
2014-04-18T12:50:16.000,	760.0,	200.93,	9.45,	14.22,	0.0,	0.0
2014-04-18T12:50:20.000,	758.4,	241.73,	10.64,	16.0,	0.0,	0.0
2014-04-18T12:50:24.000,	808.0,	278.5,	21.27,	17.78,	0.0,	0.0
2014-04-18T12:50:28.000,	826.88,	317.69,	31.06,	20.84,	0.0,	0.0
2014-04-18T12:50:32.000,	856.0,	356.07,	41.13,	23.47,	0.0,	0.0
2014-04-18T12:50:36.000,	880.0,	394.86,	51.05,	26.31,	1.0,	0.0
2014-04-18T12:50:40.000,	903.04,	433.42,	58.05,	28.59,	1.0,	0.0
2014-04-18T12:50:44.000,	928.0,	472.43,	70.91,	32.0,	1.0,	0.0
2014-04-18T12:50:48.000,	947.2,	510.12,	66.18,	32.0,	1.0,	0.0
2014-04-18T12:50:52.000,	976.0,	550.0,	75.64,	35.56,	1.0,	0.0
2014-04-18T12:50:56.000,	976.0,	583.33,	80.36,	35.56,	1.0,	0.0
2014-04-18T12:51:00.000,	1008.0,	583.33,	85.09,	35.56,	1.0,	0.0
2014-04-18T12:51:04.000,	1008.0,	583.33,	75.64,	32.0,	1.0,	0.0
2014-04-18T12:51:08.000,	1072.0,	616.67,	80.36,	32.0,	1.0,	0.0
2014-04-18T12:51:12.000,	976.0,	550.0,	66.18,	32.0,	1.0,	0.0
2014-04-18T12:51:16.000,	1072.0,	583.33,	70.91,	32.0,	1.0,	0.0
2014-04-18T12:51:20.000,	1072.0,	616.67,	66.18,	35.56,	1.0,	0.0
2014-04-18T12:51:24.000,	1072.0,	583.33,	56.73,	32.0,	1.0,	0.0
2014-04-18T12:51:28.000,	1072.0,	583.33,	56.73,	28.44,	1.0,	0.0
2014-04-18T12:51:32.000,	1072.0,	583.33,	54.36,	28.44,	1.0,	0.0
2014-04-18T12:51:36.000,	1136.0,	616.67,	52.0,	28.44,	1.0,	0.0
2014-04-18T12:51:40.000,	1136.0,	583.33,	47.27,	26.67,	1.0,	0.0
2014-04-18T12:51:44.000,	1136.0,	616.67,	42.55,	24.89,	1.0,	0.0
2014-04-18T12:51:48.000,	1200.0,	650.0,	44.91,	28.44,	1.0,	0.0
2014-04-18T12:51:52.000,	1200.0,	616.67,	49.64,	26.67,	1.0,	0.0
2014-04-18T12:51:56.000,	1264.0,	683.33,	52.0,	28.44,	1.0,	0.0
2014-04-18T12:52:00.000,	1264.0,	683.33,	56.73,	32.0,	1.0,	0.0
2014-04-18T12:52:04.000,	1328.0,	716.67,	61.45,	32.0,	1.0,	0.0
2014-04-18T12:52:08.000,	1264.0,	683.33,	56.73,	28.44,	1.0,	0.0
2014-04-18T12:52:12.000,	1264.0,	683.33,	66.18,	32.0,	1.0,	0.0
2014-04-18T12:52:16.000,	1328.0,	716.67,	75.64,	32.0,	1.0,	0.0
2014-04-18T12:52:20.000,	1264.0,	716.67,	75.64,	32.0,	1.0,	0.0
2014-04-18T12:52:24.000,	1328.0,	750.0,	85.09,	35.56,	1.0,	0.0
2014-04-18T12:52:28.000,	1392.0,	783.33,	99.27,	42.67,	1.0,	0.0
2014-04-18T12:52:32.000,	1328.0,	750.0,	94.55,	42.67,	1.0,	0.0
2014-04-18T12:52:36.000,	1392.0,	783.33,	104.0,	46.22,	1.0,	0.0
2014-04-18T12:52:40.000,	1328.0,	783.33,	104.0,	42.67,	1.0,	0.0
2014-04-18T12:52:44.000,	1456.0,	816.67,	108.73,	46.22,	1.0,	0.0
2014-04-18T12:52:48.000,	1456.0,	816.67,	113.45,	53.33,	1.0,	0.0
2014-04-18T12:52:52.000,	1456.0,	850.0,	118.18,	53.33,	1.0,	0.0
2014-04-18T12:52:56.000,	1520.0,	883.33,	132.36,	60.44,	1.0,	0.0
2014-04-18T12:53:00.000,	1584.0,	916.67,	141.82,	64.0,	1.0,	0.0
2014-04-18T12:53:04.000,	1712.0,	950.0,	151.27,	64.0,	1.0,	0.0
2014-04-18T12:53:08.000,	1648.0,	950.0,	141.82,	67.56,	1.0,	0.0
2014-04-18T12:53:12.000,	1712.0,	950.0,	132.36,	67.56,	1.0,	0.0
2014-04-18T12:53:16.000,	1584.0,	883.33,	127.64,	64.0,	1.0,	0.0
2014-04-18T12:53:20.000,	1648.0,	883.33,	118.18,	60.44,	1.0,	0.0
2014-04-18T12:53:24.000,	1648.0,	916.67,	122.91,	56.89,	1.0,	0.0
2014-04-18T12:53:28.000,	1584.0,	850.0,	108.73,	56.89,	1.0,	0.0
2014-04-18T12:53:32.000,	1712.0,	883.33,	118.18,	56.89,	1.0,	0.0
2014-04-18T12:53:36.000,	1776.0,	950.0,	122.91,	64.0,	1.0,	0.0
2014-04-18T12:53:40.000,	1712.0,	916.67,	118.18,	60.44,	1.0,	0.0
2014-04-18T12:53:44.000,	1648.0,	916.67,	122.91,	64.0,	1.0,	0.0
2014-04-18T12:53:48.000,	1712.0,	950.0,	132.36,	67.56,	1.0,	0.0
2014-04-18T12:53:52.000,	1776.0,	983.33,	141.82,	78.22,	1.0,	0.0
2014-04-18T12:53:56.000,	1776.0,	983.33,	160.73,	81.78,	1.0,	0.0
2014-04-18T12:54:00.000,	1712.0,	983.33,	151.27,	81.78,	1.0,	0.0
2014-04-18T12:54:04.000,	1968.0,	1116.67,	179.64,	92.44,	1.0,	0.0
2014-04-18T12:54:08.000,	1840.0,	1016.67,	160.73,	85.33,	1.0,	0.0
2014-04-18T12:54:12.000,	1840.0,	1016.67,	160.73,	81.78,	1.0,	0.0
2014-04-18T12:54:16.000,	1968.0,	1116.67,	160.73,	85.33,	1.0,	0.0
2014-04-18T12:54:20.000,	1968.0,	1050.0,	151.27,	81.78,	1.0,	0.0
2014-04-18T12:54:24.000,	1904.0,	1050.0,	151.27,	74.67,	1.0,	0.0
2014-04-18T12:54:28.000,	1968.0,	1116.67,	141.82,	81.78,	1.0,	0.0
2014-04-18T12:54:32.000,	2032.0,	1050.0,	141.82,	78.22,	1.0,	0.0
2014-04-18T12:54:36.000,	2032.0,	1116.67,	132.36,	74.67,	1.0,	0.0
2014-04-18T12:54:40.000,	2032.0,	1050.0,	118.18,	67.56,	1.0,	0.0
2014-04-18T12:54:44.000,	2160.0,	1116.67,	113.45,	64.0,	1.0,	0.0
2014-04-18T12:54:48.000,	2032.0,	1116.67,	104.0,	64.0,	1.0,	0.0
2014-04-18T12:54:52.000,	2032.0,	1050.0,	99.27,	56.89,	1.0,	0.0
2014-04-18T12:54:56.000,	2032.0,	1116.67,	104.0,	53.33,	1.0,	0.0
2014-04-18T12:55:00.000,	1968.0,	1050.0,	94.55,	53.33,	1.0,	0.0
2014-04-18T12:55:04.000,	1968.0,	1050.0,	94.55,	53.33,	1.0,	0.0
2014-04-18T12:55:08.000,	2032.0,	1116.67,	108.73,	56.89,	1.0,	0.0
2014-04-18T12:55:12.000,	2160.0,	1183.33,	108.73,	56.89,	1.0,	0.0
2014-04-18T12:55:16.000,	2160.0,	1183.33,	118.18,	56.89,	1.0,	0.0
2014-04-18T12:55:20.000,	2160.0,	1183.33,	118.18,	60.44,	1.0,	0.0
2014-04-18T12:55:24.000,	2160.0,	1183.33,	122.91,	60.44,	1.0,	0.0
2014-04-18T12:55:28.000,	2032.0,	1116.67,	108.73,	53.33,	1.0,	0.0
2014-04-18T12:55:32.000,	2288.0,	1183.33,	113.45,	64.0,	1.0,	0.0
2014-04-18T12:55:36.000,	2288.0,	1183.33,	118.18,	67.56,	1.0,	0.0
2014-04-18T12:55:40.000,	2160.0,	1116.67,	108.73,	64.0,	1.0,	0.0
2014-04-18T12:55:44.000,	2288.0,	1183.33,	113.45,	64.0,	1.0,	0.0
2014-04-18T12:55:48.000,	2288.0,	1183.33,	113.45,	64.0,	1.0,	0.0
2014-04-18T12:55:52.000,	2416.0,	1183.33,	104.0,	64.0,	1.0,	0.0
2014-04-18T12:55:56.000,	2288.0,	1183.33,	94.55,	53.33,	1.0,	0.0
2014-04-18T12:56:00.000,	2288.0,	1183.33,	89.82,	53.33,	1.0,	0.0
2014-04-18T12:56:04.000,	2288.0,	1183.33,	94.55,	49.78,	1.0,	0.0
2014-04-18T12:56:08.000,	2288.0,	1183.33,	85.09,	53.33,	1.0,	0.0
2014-04-18T12:56:12.000,	2288.0,	1116.67,	85.09,	49.78,	1.0,	0.0
2014-04-18T12:56:16.000,	2160.0,	1116.67,	94.55,	49.78,	1.0,	0.0
2014-04-18T12:56:20.000,	2160.0,	1116.67,	94.55,	53.33,	1.0,	0.0
2014-04-18T12:56:24.000,	2160.0,	1116.67,	99.27,	53.33,	1.0,	0.0
2014-04-18T12:56:28.000,	2288.0,	1116.67,	99.27,	53.33,	1.0,	0.0
2014-04-18T12:56:32.000,	2160.0,	1116.67,	104.0,	56.89,	1.0,	0.0
2014-04-18T12:56:36.000,	2288.0,	1183.33,	104.0,	56.89,	1.0,	0.0
2014-04-18T12:56:40.000,	2160.0,	1183.33,	104.0,	53.33,	1.0,	0.0
2014-04-18T12:56:44.000,	2160.0,	1116.67,	104.0,	60.44,	1.0,	0.0
2014-04-18T12:56:48.000,	2288.0,	1116.67,	99.27,	56.89,	1.0,	0.0
2014-04-18T12:56:52.000,	2288.0,	1183.33,	104.0,	60.44,	1.0,	0.0
2014-04-18T12:56:56.000,	2416.0,	1183.33,	104.0,	64.0,	1.0,	0.0
2014-04-18T12:57:00.000,	2288.0,	1116.67,	94.55,	53.33,	1.0,	0.0
2014-04-18T12:57:04.000,	2416.0,	1183.33,	99.27,	56.89,	1.0,	0.0
2014-04-18T12:57:08.000,	2288.0,	1116.67,	85.09,	49.78,	1.0,	0.0
2014-04-18T12:57:12.000,	2416.0,	1116.67,	89.82,	53.33,	1.0,	0.0
2014-04-18T12:57:16.000,	2416.0,	1183.33,	89.82,	56.89,	1.0,	0.0
2014-04-18T12:57:20.000,	2288.0,	1116.67,	80.36,	49.78,	1.0,	0.0
2014-04-18T12:57:24.000,	2160.0,	1050.0,	80.36,	49.78,	1.0,	0.0
2014-04-18T12:57:28.000,	2160.0,	1050.0,	75.64,	42.67,	1.0,	0.0
2014-04-18T12:57:32.000,	2288.0,	1050.0,	80.36,	49.78,	1.0,	0.0
2014-04-18T12:57:36.000,	2160.0,	1050.0,	80.36,	49.78,	1.0,	0.0
2014-04-18T12:57:40.000,	2288.0,	1050.0,	80.36,	46.22,	1.0,	0.0
2014-04-18T12:57:44.000,	2288.0,	1050.0,	80.36,	46.22,	1.0,	0.0
2014-04-18T12:57:48.000,	2032.0,	983.33,	75.64,	49.78,	1.0,	0.0
2014-04-18T12:57:52.000,	2160.0,	1016.67,	75.64,	46.22,	1.0,	0.0
2014-04-18T12:57:56.000,	2160.0,	1016.67,	75.64,	46.22,	1.0,	0.0
2014-04-18T12:58:00.000,	2160.0,	1050.0,	70.91,	46.22,	1.0,	0.0
2014-04-18T12:58:04.000,	2160.0,	983.33,	66.18,	42.67,	1.0,	0.0
2014-04-18T12:58:08.000,	2288.0,	1050.0,	70.91,	46.22,	1.0,	0.0
2014-04-18T12:58:12.000,	2288.0,	1050.0,	70.91,	42.67,	1.0,	0.0
2014-04-18T12:58:16.000,	2160.0,	983.33,	75.64,	42.67,	1.0,	0.0
2014-04-18T12:58:20.000,	2288.0,	1016.67,	70.91,	46.22,	1.0,	0.0
2014-04-18T12:58:24.000,	2160.0,	983.33,	66.18,	42.67,	1.0,	0.0
2014-04-18T12:58:28.000,	2288.0,	1016.67,	70.91,	46.22,	1.0,	0.0
2014-04-18T12:58:32.000,	2160.0,	983.33,	66.18,	42.67,	1.0,	0.0
2014-04-18T12:58:36.000,	2032.0,	916.67,	56.73,	42.67,	1.0,	0.0
2014-04-18T12:58:40.000,	2160.0,	983.33,	61.45,	39.11,	1.0,	0.0
2014-04-18T12:58:44.000,	2160.0,	950.0,	56.73,	39.11,	1.0,	0.0
2014-04-18T12:58:48.000,	2160.0,	950.0,	61.45,	42.67,	1.0,	0.0
2014-04-18T12:58:52.000,	2160.0,	916.67,	56.73,	42.67,	1.0,	0.0
2014-04-18T12:58:56.000,	1904.0,	816.67,	49.64,	39.11,	1.0,	0.0
2014-04-18T12:59:00.000,	2160.0,	916.67,	49.64,	39.11,	1.0,	0.0
2014-04-18T12:59:04.000,	2032.0,	850.0,	52.0,	39.11,	1.0,	0.0
2014-04-18T12:59:08.000,	2032.0,	850.0,	49.64,	35.56,	1.0,	0.0
2014-04-18T12:59:12.000,	2032.0,	883.33,	52.0,	39.11,	1.0,	0.0
2014-04-18T12:59:16.000,	2160.0,	916.67,	52.0,	39.11,	1.0,	0.0
2014-04-18T12:59:20.000,	2160.0,	916.67,	54.36,	39.11,	1.0,	0.0
2014-04-18T12:59:24.000,	2032.0,	883.33,	52.0,	35.56,	1.0,	0.0
2014-04-18T12:59:28.000,	1968.0,	816.67,	44.91,	35.56,	1.0,	0.0
2014-04-18T12:59:32.000,	2160.0,	883.33,	54.36,	39.11,	1.0,	0.0
2014-04-18T12:59:36.000,	2160.0,	916.67,	49.64,	39.11,	1.0,	0.0
2014-04-18T12:59:40.000,	2032.0,	883.33,	44.91,	42.67,	1.0,	0.0
2014-04-18T12:59:44.000,	2032.0,	850.0,	54.36,	39.11,	1.0,	0.0
2014-04-18T12:59:48.000,	2288.0,	950.0,	56.73,	39.11,	1.0,	0.0
2014-04-18T12:59:52.000,	2160.0,	883.33,	54.36,	35.56,	1.0,	0.0
2014-04-18T12:59:56.000,	2160.0,	883.33,	54.36,	39.11,	1.0,	0.0
2014-04-18T13:00:00.000,	1968.0,	816.67,	52.0,	39.11,	1.0,	0.0
2014-04-18T13:00:04.000,	2032.0,	850.0,	52.0,	35.56,	1.0,	0.0
2014-04-18T13:00:08.000,	2032.0,	883.33,	54.36,	39.11,	1.0,	0.0
2014-04-18T13:00:12.000,	2032.0,	850.0,	49.64,	35.56,	1.0,	0.0
2014-04-18T13:00:16.000,	2032.0,	850.0,	54.36,	39.11,	1.0,	0.0
2014-04-18T13:00:20.000,	1904.0,	816.67,	54.36,	35.56,	1.0,	0.0
2014-04-18T13:00:24.000,	2032.0,	850.0,	56.73,	35.56,	1.0,	0.0
2014-04-18T13:00:28.000,	1968.0,	816.67,	52.0,	35.56,	1.0,	0.0
2014-04-18T13:00:32.000,	1840.0,	783.33,	54.36,	35.56,	1.0,	0.0
2014-04-18T13:00:36.000,	1968.0,	816.67,	49.64,	35.56,	1.0,	0.0
2014-04-18T13:00:40.000,	2032.0,	850.0,	54.36,	39.11,	1.0,	0.0
2014-04-18T13:00:44.000,	1968.0,	816.67,	52.0,	35.56,	1.0,	0.0
2014-04-18T13:00:48.000,	2032.0,	883.33,	54.36,	39.11,	1.0,	0.0
2014-04-18T13:00:52.000,	2032.0,	883.33,	56.73,	39.11,	1.0,	0.0
2014-04-18T13:00:56.000,	2032.0,	850.0,	54.36,	39.11,	1.0,	0.0
2014-04-18T13:01:00.000,	2032.0,	850.0,	54.36,	35.56,	1.0,	0.0
2014-04-18T13:01:04.000,	1968.0,	816.67,	54.36,	35.56,	1.0,	0.0
2014-04-18T13:01:08.000,	2032.0,	850.0,	54.36,	35.56,	1.0,	0.0
2014-04-18T13:01:12.000,	2032.0,	850.0,	54.36,	35.56,	1.0,	0.0
2014-04-18T13:01:16.000,	1904.0,	783.33,	49.64,	35.56,	1.0,	0.0
2014-04-18T13:01:20.000,	1904.0,	783.33,	47.27,	32.0,	1.0,	0.0
2014-04-18T13:01:24.000,	2032.0,	816.67,	54.36,	35.56,	1.0,	0.0
2014-04-18T13:01:28.000,	1840.0,	750.0,	42.55,	35.56,	1.0,	0.0
2014-04-18T13:01:32.000,	1904.0,	783.33,	49.64,	39.11,	1.0,	0.0
2014-04-18T13:01:36.000,	1904.0,	783.33,	47.27,	32.0,	1.0,	0.0
2014-04-18T13:01:40.000,	1840.0,	750.0,	47.27,	32.0,	1.0,	0.0
2014-04-18T13:01:44.000,	1776.0,	716.67,	44.91,	35.56,	1.0,	0.0
2014-04-18T13:01:48.000,	1904.0,	750.0,	44.91,	35.56,	1.0,	0.0
2014-04-18T13:01:52.000,	1904.0,	750.0,	44.91,	35.56,	1.0,	0.0
2014-04-18T13:01:56.000,	1840.0,	750.0,	44.91,	32.0,	1.0,	0.0
2014-04-18T13:02:00.000,	1904.0,	783.33,	44.91,	39.11,	1.0,	0.0
2014-04-18T13:02:04.000,	1776.0,	716.67,	42.55,	35.56,	1.0,	0.0
2014-04-18T13:02:08.000,	1776.0,	716.67,	42.55,	35.56,	1.0,	0.0
2014-04-18T13:02:12.000,	1840.0,	750.0,	42.55,	35.56,	1.0,	0.0
2014-04-18T13:02:16.000,	1712.0,	683.33,	40.18,	32.0,	1.0,	0.0
2014-04-18T13:02:20.000,	1776.0,	716.67,	40.18,	32.0,	1.0,	0.0
2014-04-18T13:02:24.000,	1840.0,	750.0,	40.18,	32.0,	1.0,	0.0
2014-04-18T13:02:28.000,	1840.0,	716.67,	40.18,	32.0,	1.0,	0.0
2014-04-18T13:02:32.000,	1776.0,	716.67,	40.18,	32.0,	1.0,	0.0
2014-04-18T13:02:36.000,	1840.0,	716.67,	40.18,	32.0,	1.0,	0.0
2014-04-18T13:02:40.000,	1776.0,	716.67,	40.18,	32.0,	1.0,	0.0
2014-04-18T13:02:44.000,	1776.0,	716.67,	37.82,	28.44,	1.0,	0.0
2014-04-18T13:02:48.000,	1776.0,	716.67,	35.45,	28.44,	1.0,	0.0
2014-04-18T13:02:52.000,	1840.0,	750.0,	40.18,	32.0,	1.0,	0.0
2014-04-18T13:02:56.000,	848.0,	350.0,	17.73,	14.22,	1.0,	0.0
2014-04-18T13:03:00.000,	1584.0,	650.0,	35.45,	28.44,	1.0,	0.0
2014-04-18T13:03:04.000,	1648.0,	683.33,	33.09,	32.0,	1.0,	0.0
2014-04-18T13:03:08.000,	1776.0,	716.67,	35.45,	28.44,	1.0,	0.0
2014-04-18T13:03:12.000,	1712.0,	683.33,	33.09,	32.0,	1.0,	0.0
2014-04-18T13:03:16.000,	1776.0,	716.67,	33.09,	28.44,	1.0,	0.0
2014-04-18T13:03:20.000,	1712.0,	683.33,	33.09,	26.67,	1.0,	0.0
2014-04-18T13:03:24.000,	1776.0,	716.67,	33.09,	28.44,	1.0,	0.0
2014-04-18T13:03:28.000,	1712.0,	716.67,	33.09,	26.67,	1.0,	0.0
2014-04-18T13:03:32.000,	1776.0,	716.67,	30.73,	26.67,	1.0,	0.0
2014-04-18T13:03:36.000,	1712.0,	683.33,	33.09,	28.44,	1.0,	0.0
2014-04-18T13:03:40.000,	1776.0,	683.33,	30.73,	28.44,	1.0,	0.0
2014-04-18T13:03:44.000,	1648.0,	650.0,	30.73,	26.67,	1.0,	0.0
2014-04-18T13:03:48.000,	1712.0,	683.33,	30.73,	28.44,	1.0,	0.0
2014-04-18T13:03:52.000,	1648.0,	650.0,	30.73,	28.44,	1.0,	0.0
2014-04-18T13:03:56.000,	1712.0,	683.33,	35.45,	26.67,	1.0,	0.0
2014-04-18T13:04:00.000,	1776.0,	683.33,	28.36,	28.44,	1.0,	0.0
2014-04-18T13:04:04.000,	1712.0,	650.0,	30.73,	28.44,	1.0,	0.0
2014-04-18T13:04:08.000,	1584.0,	616.67,	30.73,	26.67,	1.0,	0.0
2014-04-18T13:04:12.000,	1712.0,	683.33,	33.09,	26.67,	1.0,	0.0
2014-04-18T13:04:16.000,	1776.0,	683.33,	30.73,	26.67,	1.0,	0.0
2014-04-18T13:04:20.000,	1712.0,	683.33,	28.36,	28.44,	1.0,	0.0
2014-04-18T13:04:24.000,	1648.0,	650.0,	28.36,	26.67,	1.0,	0.0
2014-04-18T13:04:28.000,	1648.0,	650.0,	26.0,	26.67,	1.0,	0.0
2014-04-18T13:04:32.000,	1648.0,	650.0,	26.0,	23.11,	1.0,	0.0
2014-04-18T13:04:36.000,	1776.0,	683.33,	28.36,	28.44,	1.0,	0.0
2014-04-18T13:04:40.000,	1648.0,	650.0,	26.0,	24.89,	1.0,	0.0
2014-04-18T13:04:44.000,	1648.0,	616.67,	26.0,	24.89,	1.0,	0.0
2014-04-18T13:04:48.000,	1712.0,	650.0,	26.0,	24.89,	1.0,	0.0
2014-04-18T13:04:52.000,	1520.0,	616.67,	26.0,	23.11,	1.0,	0.0
2014-04-18T13:04:56.000,	1712.0,	683.33,	28.36,	28.44,	1.0,	0.0
2014-04-18T13:05:00.000,	1648.0,	616.67,	26.0,	23.11,	1.0,	0.0
2014-04-18T13:05:04.000,	1648.0,	650.0,	28.36,	23.11,	1.0,	0.0
2014-04-18T13:05:08.000,	1520.0,	616.67,	23.64,	24.89,	1.0,	0.0
2014-04-18T13:05:12.000,	1584.0,	616.67,	26.0,	23.11,	1.0,	0.0
2014-04-18T13:05:16.000,	1584.0,	616.67,	26.0,	26.67,	1.0,	0.0
2014-04-18T13:05:20.000,	1520.0,	583.33,	23.64,	19.56,	1.0,	0.0
2014-04-18T13:05:24.000,	1520.0,	583.33,	26.0,	21.33,	1.0,	0.0
2014-04-18T13:05:28.000,	1584.0,	616.67,	23.64,	24.89,	1.0,	0.0
2014-04-18T13:05:32.000,	1392.0,	550.0,	18.91,	21.33,	1.0,	0.0
2014-04-18T13:05:36.000,	1520.0,	583.33,	26.0,	21.33,	1.0,	0.0
2014-04-18T13:05:40.000,	1456.0,	583.33,	23.64,	23.11,	1.0,	0.0
2014-04-18T13:05:44.000,	1584.0,	616.67,	21.27,	21.33,	1.0,	0.0
2014-04-18T13:05:48.000,	1584.0,	616.67,	23.64,	23.11,	1.0,	0.0
2014-04-18T13:05:52.000,	1520.0,	550.0,	26.0,	23.11,	1.0,	0.0
2014-04-18T13:05:56.000,	1584.0,	583.33,	21.27,	21.33,	1.0,	0.0
2014-04-18T13:06:00.000,	1584.0,	616.67,	26.0,	23.11,	1.0,	0.0
2014-04-18T13:06:04.000,	1584.0,	616.67,	23.64,	21.33,	1.0,	0.0
2014-04-18T13:06:08.000,	1520.0,	583.33,	21.27,	21.33,	1.0,	0.0
2014-04-18T13:06:12.000,	1584.0,	583.33,	23.64,	21.33,	1.0,	0.0
2014-04-18T13:06:16.000,	1584.0,	583.33,	21.27,	23.11,	1.0,	0.0
2014-04-18T13:06:20.000,	1520.0,	583.33,	21.27,	21.33,	1.0,	0.0
2014-04-18T13:06:24.000,	1456.0,	550.0,	21.27,	19.56,	1.0,	0.0
2014-04-18T13:06:28.000,	1584.0,	583.33,	21.27,	19.56,	1.0,	0.0
2014-04-18T13:06:32.000,	1584.0,	616.67,	18.91,	23.11,	1.0,	0.0
2014-04-18T13:06:36.000,	1456.0,	550.0,	21.27,	19.56,	1.0,	0.0
2014-04-18T13:06:40.000,	1520.0,	550.0,	21.27,	23.11,	1.0,	0.0
2014-04-18T13:06:44.000,	1456.0,	550.0,	21.27,	21.33,	1.0,	0.0
2014-04-18T13:06:48.000,	1392.0,	516.67,	18.91,	19.56,	1.0,	0.0
2014-04-18T13:06:52.000,	1328.0,	500.0,	17.73,	19.56,	1.0,	0.0
2014-04-18T13:06:56.000,	1520.0,	583.33,	21.27,	19.56,	1.0,	0.0
2014-04-18T13:07:00.000,	1520.0,	550.0,	18.91,	19.56,	1.0,	0.0
2014-04-18T13:07:04.000,	1328.0,	483.33,	18.91,	17.78,	1.0,	0.0
2014-04-18T13:07:08.000,	1456.0,	516.67,	18.91,	19.56,	1.0,	0.0
2014-04-18T13:07:12.000,	1328.0,	516.67,	18.91,	17.78,	1.0,	0.0
2014-04-18T13:07:16.000,	1456.0,	550.0,	18.91,	21.33,	1.0,	0.0
2014-04-18T13:07:20.000,	1392.0,	500.0,	16.55,	19.56,	1.0,	0.0
2014-04-18T13:07:24.000,	1456.0,	516.67,	17.73,	19.56,	1.0,	0.0
2014-04-18T13:07:28.000,	1392.0,	500.0,	17.73,	17.78,	1.0,	0.0
2014-04-18T13:07:32.000,	1456.0,	550.0,	18.91,	17.78,	1.0,	0.0
2014-04-18T13:07:36.000,	1392.0,	500.0,	17.73,	17.78,	1.0,	0.0
2014-04-18T13:07:40.000,	1456.0,	516.67,	17.73,	17.78,	1.0,	0.0
2014-04-18T13:07:44.000,	1328.0,	500.0,	16.55,	17.78,	1.0,	0.0
2014-04-18T13:07:48.000,	1456.0,	516.67,	18.91,	19.56,	1.0,	0.0
2014-04-18T13:07:52.000,	1456.0,	516.67,	17.73,	17.78,	1.0,	0.0
2014-04-18T13:07:56.000,	1328.0,	483.33,	15.36,	16.0,	1.0,	0.0
2014-04-18T13:08:00.000,	1328.0,	483.33,	14.18,	14.22,	1.0,	0.0
2014-04-18T13:08:04.000,	1200.0,	433.33,	15.36,	16.0,	1.0,	0.0
2014-04-18T13:08:08.000,	1328.0,	466.67,	14.18,	16.0,	1.0,	0.0
2014-04-18T13:08:12.000,	1328.0,	466.67,	15.36,	19.56,	1.0,	0.0
2014-04-18T13:08:16.000,	1264.0,	450.0,	14.18,	16.0,	1.0,	0.0
2014-04-18T13:08:20.000,	1392.0,	500.0,	16.55,	17.78,	1.0,	0.0
2014-04-18T13:08:24.000,	1328.0,	466.67,	15.36,	17.78,	1.0,	0.0
2014-04-18T13:08:28.000,	1264.0,	450.0,	15.36,	16.0,	1.0,	0.0
2014-04-18T13:08:32.000,	1392.0,	483.33,	15.36,	17.78,	1.0,	0.0
2014-04-18T13:08:36.000,	1328.0,	450.0,	14.18,	16.0,	1.0,	0.0
2014-04-18T13:08:40.000,	1264.0,	466.67,	13.0,	16.0,	1.0,	0.0
2014-04-18T13:08:44.000,	1392.0,	483.33,	15.36,	16.0,	1.0,	0.0
2014-04-18T13:08:48.000,	1456.0,	500.0,	15.36,	17.78,	1.0,	0.0
2014-04-18T13:08:52.000,	1392.0,	466.67,	15.36,	17.78,	1.0,	0.0
2014-04-18T13:08:56.000,	1328.0,	450.0,	15.36,	16.0,	1.0,	0.0
2014-04-18T13:09:00.000,	1200.0,	416.67,	10.64,	14.22,	1.0,	0.0
2014-04-18T13:09:04.000,	1200.0,	416.67,	15.36,	14.22,	1.0,	0.0
2014-04-18T13:09:08.000,	1200.0,	416.67,	14.18,	16.0,	1.0,	0.0
2014-04-18T13:09:12.000,	1200.0,	416.67,	11.82,	14.22,	1.0,	0.0
2014-04-18T13:09:16.000,	1264.0,	416.67,	14.18,	14.22,	1.0,	0.0
2014-04-18T13:09:20.000,	1264.0,	412.31,	13.68,	14.33,	1.0,	0.0
2014-04-18T13:09:24.000,	1200.0,	409.41,	14.14,	14.4,	1.0,	0.0
2014-04-18T13:09:28.000,	1212.8,	405.63,	14.03,	14.48,	1.0,	0.0
2014-04-18T13:09:32.000,	1200.0,	402.15,	14.1,	14.57,	1.0,	0.0
2014-04-18T13:09:36.000,	1200.0,	398.52,	14.08,	14.65,	1.0,	0.0
2014-04-18T13:09:40.000,	1212.8,	394.39,	13.98,	14.74,	1.0,	0.0
2014-04-18T13:09:44.000,	1200.0,	391.26,	14.04,	14.83,	1.0,	0.0
2014-04-18T13:09:48.000,	1264.0,	385.16,	13.62,	14.9,	1.0,	0.0
2014-04-18T13:09:52.000,	1200.0,	384.0,	14.0,	15.0,	1.0,	0.0
2014-04-18T13:09:56.000,	1072.0,	368.0,	12.0,	15.0,	1.0,	0.0
2014-04-18T13:10:00.000,	1200.0,	384.0,	14.0,	16.0,	1.0,	0.0
2014-04-18T13:10:04.000,	1200.0,	384.0,	13.0,	15.0,	1.0,	0.0
2014-04-18T13:10:08.000,	1200.0,	368.0,	13.0,	15.0,	1.0,	0.0
2014-04-18T13:10:12.000,	1136.0,	368.0,	12.0,	15.0,	1.0,	0.0
2014-04-18T13:10:16.000,	1200.0,	384.0,	13.0,	16.0,	1.0,	0.0
2014-04-18T13:10:20.000,	1264.0,	384.0,	13.0,	14.0,	1.0,	0.0
2014-04-18T13:10:24.000,	1136.0,	368.0,	12.0,	15.0,	1.0,	0.0
2014-04-18T13:10:28.000,	1200.0,	368.0,	13.0,	16.0,	1.0,	0.0
2014-04-18T13:10:32.000,	1072.0,	352.0,	11.0,	14.0,	1.0,	0.0
2014-04-18T13:10:36.000,	1136.0,	352.0,	14.0,	15.0,	1.0,	0.0
2014-04-18T13:10:40.000,	1136.0,	352.0,	13.0,	16.0,	1.0,	0.0
2014-04-18T13:10:44.000,	1072.0,	336.0,	12.0,	15.0,	1.0,	0.0
2014-04-18T13:10:48.000,	1136.0,	336.0,	11.0,	15.0,	1.0,	0.0
2014-04-18T13:10:52.000,	1072.0,	336.0,	12.0,	13.0,	1.0,	0.0
2014-04-18T13:10:56.000,	1136.0,	336.0,	13.0,	15.0,	1.0,	0.0
2014-04-18T13:11:00.000,	1072.0,	320.0,	12.0,	15.0,	1.0,	0.0
2014-04-18T13:11:04.000,	1008.0,	304.0,	12.0,	14.0,	1.0,	0.0
2014-04-18T13:11:08.000,	1008.0,	320.0,	12.0,	15.0,	1.0,	0.0
2014-04-18T13:11:12.000,	1072.0,	320.0,	12.0,	16.0,	1.0,	0.0
2014-04-18T13:11:16.000,	976.0,	288.0,	10.0,	14.0,	1.0,	0.0
2014-04-18T13:11:20.000,	1008.0,	304.0,	11.0,	16.0,	1.0,	0.0
2014-04-18T13:11:24.000,	1072.0,	304.0,	10.0,	13.0,	1.0,	0.0
2014-04-18T13:11:28.000,	1072.0,	320.0,	11.0,	14.0,	1.0,	0.0
2014-04-18T13:11:32.000,	1008.0,	288.0,	11.0,	15.0,	1.0,	0.0
2014-04-18T13:11:36.000,	944.0,	288.0,	11.0,	15.0,	1.0,	0.0
2014-04-18T13:11:40.000,	944.0,	272.0,	10.0,	14.0,	1.0,	0.0
2014-04-18T13:11:44.000,	1072.0,	304.0,	10.0,	14.0,	1.0,	0.0
2014-04-18T13:11:48.000,	976.0,	288.0,	11.0,	14.0,	1.0,	0.0
2014-04-18T13:11:52.000,	976.0,	288.0,	10.0,	16.0,	1.0,	0.0
2014-04-18T13:11:56.000,	944.0,	272.0,	11.0,	16.0,	1.0,	0.0
2014-04-18T13:12:00.000,	1008.0,	288.0,	10.0,	14.0,	1.0,	0.0
2014-04-18T13:12:04.000,	1072.0,	288.0,	9.0,	14.0,	1.0,	0.0
2014-04-18T13:12:08.000,	912.0,	272.0,	9.0,	14.0,	1.0,	0.0
2014-04-18T13:12:12.000,	976.0,	272.0,	10.0,	14.0,	1.0,	0.0
2014-04-18T13:12:16.000,	1008.0,	288.0,	10.0,	13.0,	1.0,	0.0
2014-04-18T13:12:20.000,	944.0,	272.0,	10.0,	14.0,	1.0,	0.0
2014-04-18T13:12:24.000,	944.0,	272.0,	10.0,	14.0,	1.0,	0.0
2014-04-18T13:12:28.000,	1008.0,	288.0,	11.0,	14.0,	1.0,	0.0
2014-04-18T13:12:32.000,	976.0,	272.0,	10.0,	14.0,	1.0,	0.0
2014-04-18T13:12:36.000,	976.0,	272.0,	10.0,	14.0,	1.0,	0.0
2014-04-18T13:12:40.000,	944.0,	272.0,	8.0,	14.0,	1.0,	0.0
2014-04-18T13:12:44.000,	944.0,	256.0,	9.0,	12.0,	1.0,	0.0
2014-04-18T13:12:48.000,	848.0,	240.0,	10.0,	14.0,	1.0,	0.0
2014-04-18T13:12:52.000,	944.0,	256.0,	9.0,	15.0,	1.0,	0.0
2014-04-18T13:12:56.000,	848.0,	232.0,	11.0,	14.0,	1.0,	0.0
2014-04-18T13:13:00.000,	944.0,	256.0,	11.0,	15.0,	1.0,	0.0
2014-04-18T13:13:04.000,	880.0,	240.0,	8.0,	14.0,	1.0,	0.0
2014-04-18T13:13:08.000,	880.0,	240.0,	9.0,	14.0,	1.0,	0.0
2014-04-18T13:13:12.000,	912.0,	240.0,	9.0,	13.0,	1.0,	0.0
2014-04-18T13:13:16.000,	880.0,	240.0,	10.0,	14.0,	1.0,	0.0
2014-04-18T13:13:20.000,	912.0,	232.0,	9.0,	14.0,	1.0,	0.0
2014-04-18T13:13:24.000,	848.0,	232.0,	9.0,	14.0,	1.0,	0.0
2014-04-18T13:13:28.000,	816.0,	224.0,	9.0,	13.0,	1.0,	0.0
2014-04-18T13:13:32.000,	784.0,	208.0,	9.0,	15.0,	1.0,	0.0
2014-04-18T13:13:36.000,	848.0,	232.0,	10.0,	16.0,	1.0,	0.0
2014-04-18T13:13:40.000,	784.0,	208.0,	9.0,	14.0,	1.0,	0.0
2014-04-18T13:13:44.000,	848.0,	224.0,	9.0,	14.0,	1.0,	0.0
2014-04-18T13:13:48.000,	848.0,	224.0,	9.0,	13.0,	1.0,	0.0
2014-04-18T13:13:52.000,	848.0,	224.0,	10.0,	15.0,	1.0,	0.0
2014-04-18T13:13:56.000,	784.0,	208.0,	9.0,	15.0,	1.0,	0.0
2014-04-18T13:14:00.000,	816.0,	216.0,	9.0,	13.0,	1.0,	0.0
2014-04-18T13:14:04.000,	816.0,	208.0,	10.0,	14.0,	1.0,	0.0
2014-04-18T13:14:08.000,	784.0,	208.0,	8.0,	14.0,	1.0,	0.0
2014-04-18T13:14:12.000,	784.0,	208.0,	8.0,	14.0,	1.0,	0.0
2014-04-18T13:14:16.000,	784.0,	208.0,	9.0,	14.0,	1.0,	0.0
2014-04-18T13:14:20.000,	720.0,	192.0,	9.0,	14.0,	1.0,	0.0
2014-04-18T13:14:24.000,	752.0,	192.0,	8.0,	14.0,	1.0,	0.0
2014-04-18T13:14:28.000,	720.0,	184.0,	9.0,	12.0,	1.0,	0.0
2014-04-18T13:14:32.000,	720.0,	184.0,	8.0,	13.0,	1.0,	0.0
2014-04-18T13:14:36.000,	688.0,	184.0,	9.0,	13.0,	1.0,	0.0
2014-04-18T13:14:40.000,	752.0,	184.0,	10.0,	12.0,	1.0,	0.0
2014-04-18T13:14:44.000,	720.0,	176.0,	9.0,	13.0,	1.0,	0.0
2014-04-18T13:14:48.000,	656.0,	168.0,	10.0,	15.0,	1.0,	0.0
2014-04-18T13:14:52.000,	752.0,	184.0,	8.0,	14.0,	1.0,	0.0
2014-04-18T13:14:56.000,	720.0,	176.0,	9.0,	14.0,	1.0,	0.0
2014-04-18T13:15:00.000,	688.0,	160.0,	8.0,	13.0,	1.0,	0.0
2014-04-18T13:15:04.000,	688.0,	176.0,	8.0,	15.0,	1.0,	0.0
2014-04-18T13:15:08.000,	624.0,	152.0,	9.0,	13.0,	1.0,	0.0
2014-04-18T13:15:12.000,	656.0,	160.0,	9.0,	12.0,	1.0,	0.0
2014-04-18T13:15:16.000,	656.0,	152.0,	9.0,	14.0,	1.0,	0.0
2014-04-18T13:15:20.000,	688.0,	160.0,	9.0,	14.0,	1.0,	0.0
2014-04-18T13:15:24.000,	688.0,	168.0,	9.0,	13.0,	1.0,	0.0
2014-04-18T13:15:28.000,	656.0,	152.0,	8.0,	14.0,	1.0,	0.0
2014-04-18T13:15:32.000,	656.0,	152.0,	10.0,	13.0,	1.0,	0.0
2014-04-18T13:15:36.000,	624.0,	151.92,	9.61,	13.2,	1.0,	0.0
2014-04-18T13:15:40.000,	624.0,	146.51,	11.0,	13.0,	1.0,	0.0
2014-04-18T13:15:44.000,	92.0,	141.09,	11.99,	13.0,	1.0,	0.0
2014-04-18T13:15:48.000,	0.0,	0.0,	0.0,	0.0,	1.0,	0.0
2014-04-18T13:15:52.000,	0.0,	0.0,	0.0,	0.0,	1.0,	0.0
2014-04-18T13:15:56.000,	0.0,	0.0,	0.0,	0.0,	1.0,	0.0
2014-04-18T13:16:00.000,	0.0,	0.0,	0.0,	0.0,	1.0,	0.0
2014-04-18T13:16:04.000,	0.0,	0.0,	0.0,	0.0,	1.0,	0.0
2014-04-18T13:16:08.000,	0.0,	0.0,	0.0,	0.0,	1.0,	0.0
2014-04-18T13:16:12.000,	0.0,	0.0,	0.0,	0.0,	1.0,	0.0
2014-04-18T13:16:16.000,	0.0,	0.0,	0.0,	0.0,	1.0,	0.0
2014-04-18T13:16:20.000,	0.0,	0.0,	0.0,	0.0,	1.0,	0.0
2014-04-18T13:16:24.000,	0.0,	0.0,	0.0,	0.0,	1.0,	0.0
2014-04-18T13:16:28.000,	0.0,	0.0,	0.0,	0.0,	1.0,	0.0
2014-04-18T13:16:32.000,	0.0,	0.0,	0.0,	0.0,	1.0,	0.0
2014-04-18T13:16:36.000,	0.0,	0.0,	0.0,	0.0,	1.0,	0.0
2014-04-18T13:16:40.000,	0.0,	0.0,	0.0,	0.0,	1.0,	0.0
2014-04-18T13:16:44.000,	0.0,	0.0,	0.0,	0.0,	1.0,	0.0
2014-04-18T13:16:48.000,	0.0,	0.0,	0.0,	0.0,	1.0,	0.0
2014-04-18T13:16:52.000,	0.0,	0.0,	0.0,	0.0,	1.0,	0.0
2014-04-18T13:16:56.000,	0.0,	0.0,	0.0,	0.0,	1.0,	0.0
2014-04-18T13:17:00.000,	0.0,	0.0,	0.0,	0.0,	1.0,	0.0
2014-04-18T13:17:04.000,	0.0,	0.0,	0.0,	0.0,	1.0,	0.0
2014-04-18T13:17:08.000,	0.0,	0.0,	0.0,	0.0,	1.0,	0.0
2014-04-18T13:17:12.000,	0.0,	0.0,	0.0,	0.0,	1.0,	0.0
2014-04-18T13:17:16.000,	0.0,	0.0,	0.0,	0.0,	1.0,	0.0
2014-04-18T13:17:20.000,	0.0,	0.0,	0.0,	0.0,	1.0,	0.0
2014-04-18T13:17:24.000,	0.0,	0.0,	0.0,	0.0,	1.0,	0.0
2014-04-18T13:17:28.000,	0.0,	0.0,	0.0,	0.0,	1.0,	0.0
2014-04-18T13:17:32.000,	0.0,	0.0,	0.0,	0.0,	1.0,	0.0
2014-04-18T13:17:36.000,	0.0,	0.0,	0.0,	0.0,	1.0,	0.0
2014-04-18T13:17:40.000,	0.0,	0.0,	0.0,	0.0,	1.0,	0.0
2014-04-18T13:17:44.000,	0.0,	0.0,	0.0,	0.0,	1.0,	0.0
2014-04-18T13:17:48.000,	0.0,	0.0,	0.0,	0.0,	1.0,	0.0
2014-04-18T13:17:52.000,	0.0,	0.0,	0.0,	0.0,	1.0,	0.0
2014-04-18T13:17:56.000,	0.0,	0.0,	0.0,	0.0,	1.0,	0.0
2014-04-18T13:18:00.000,	0.0,	0.0,	0.0,	0.0,	1.0,	0.0
2014-04-18T13:18:04.000,	0.0,	0.0,	0.0,	0.0,	1.0,	0.0
2014-04-18T13:18:08.000,	0.0,	0.0,	0.0,	0.0,	1.0,	0.0
2014-04-18T13:18:12.000,	0.0,	0.0,	0.0,	0.0,	1.0,	0.0
2014-04-18T13:18:16.000,	0.0,	0.0,	0.0,	0.0,	1.0,	0.0
2014-04-18T13:18:20.000,	0.0,	0.0,	0.0,	0.0,	1.0,	0.0
2014-04-18T13:18:24.000,	0.0,	0.0,	0.0,	0.0,	1.0,	0.0
2014-04-18T13:18:28.000,	0.0,	0.0,	0.0,	0.0,	1.0,	0.0
2014-04-18T13:18:32.000,	0.0,	0.0,	0.0,	0.0,	1.0,	0.0
2014-04-18T13:18:36.000,	0.0,	0.0,	0.0,	0.0,	1.0,	0.0
2014-04-18T13:18:40.000,	0.0,	0.0,	0.0,	0.0,	1.0,	0.0
2014-04-18T13:18:44.000,	0.0,	0.0,	0.0,	0.0,	1.0,	0.0
2014-04-18T13:18:48.000,	0.0,	0.0,	0.0,	0.0,	1.0,	0.0
2014-04-18T13:18:52.000,	0.0,	0.0,	0.0,	0.0,	1.0,	0.0
2014-04-18T13:18:56.000,	0.0,	0.0,	0.0,	0.0,	1.0,	0.0
2014-04-18T13:19:00.000,	0.0,	0.0,	0.0,	0.0,	1.0,	0.0
2014-04-18T13:19:04.000,	0.0,	0.0,	0.0,	0.0,	1.0,	0.0
2014-04-18T13:19:08.000,	0.0,	0.0,	0.0,	0.0,	1.0,	0.0
2014-04-18T13:19:12.000,	0.0,	0.0,	0.0,	0.0,	1.0,	0.0
2014-04-18T13:19:16.000,	0.0,	0.0,	0.0,	0.0,	1.0,	0.0
2014-04-18T13:19:20.000,	0.0,	0.0,	0.0,	0.0,	1.0,	0.0
2014-04-18T13:19:24.000,	0.0,	0.0,	0.0,	0.0,	1.0,	0.0
2014-04-18T13:19:28.000,	0.0,	0.0,	0.0,	0.0,	1.0,	0.0
2014-04-18T13:19:32.000,	0.0,	0.0,	0.0,	0.0,	1.0,	0.0
2014-04-18T13:19:36.000,	0.0,	0.0,	0.0,	0.0,	1.0,	0.0
2014-04-18T13:19:40.000,	0.0,	0.0,	0.0,	0.0,	1.0,	0.0
2014-04-18T13:19:44.000,	0.0,	0.0,	0.0,	0.0,	1.0,	0.0
2014-04-18T13:19:48.000,	0.0,	0.0,	0.0,	0.0,	1.0,	0.0
2014-04-18T13:19:52.000,	0.0,	0.0,	0.0,	0.0,	1.0,	0.0
2014-04-18T13:19:56.000,	0.0,	0.0,	0.0,	0.0,	1.0,	0.0
2014-04-18T13:20:00.000,	0.0,	0.0,	0.0,	0.0,	1.0,	0.0
2014-04-18T13:20:04.000,	0.0,	0.0,	0.0,	0.0,	1.0,	0.0
2014-04-18T13:20:08.000,	0.0,	0.0,	0.0,	0.0,	1.0,	0.0
2014-04-18T13:20:12.000,	0.0,	0.0,	0.0,	0.0,	1.0,	0.0
2014-04-18T13:20:16.000,	0.0,	0.0,	0.0,	0.0,	1.0,	0.0
2014-04-18T13:20:20.000,	0.0,	0.0,	0.0,	0.0,	1.0,	0.0
2014-04-18T13:20:24.000,	0.0,	0.0,	0.0,	0.0,	1.0,	0.0
2014-04-18T13:20:28.000,	0.0,	0.0,	0.0,	0.0,	1.0,	0.0
2014-04-18T13:20:32.000,	0.0,	0.0,	0.0,	0.0,	1.0,	0.0
2014-04-18T13:20:36.000,	0.0,	0.0,	0.0,	0.0,	1.0,	0.0
2014-04-18T13:20:40.000,	0.0,	0.0,	0.0,	0.0,	1.0,	0.0
2014-04-18T13:20:44.000,	0.0,	0.0,	0.0,	0.0,	1.0,	0.0
2014-04-18T13:20:48.000,	0.0,	0.0,	0.0,	0.0,	1.0,	0.0
2014-04-18T13:20:52.000,	0.0,	0.0,	0.0,	0.0,	1.0,	0.0
2014-04-18T13:20:56.000,	0.0,	0.0,	0.0,	0.0,	1.0,	0.0
2014-04-18T13:21:00.000,	0.0,	0.0,	0.0,	0.0,	1.0,	0.0
2014-04-18T13:21:04.000,	0.0,	0.0,	0.0,	0.0,	1.0,	0.0
2014-04-18T13:21:08.000,	0.0,	0.0,	0.0,	0.0,	1.0,	0.0
2014-04-18T13:21:12.000,	0.0,	0.0,	0.0,	0.0,	1.0,	0.0
2014-04-18T13:21:16.000,	0.0,	0.0,	0.0,	0.0,	1.0,	0.0
2014-04-18T13:21:20.000,	0.0,	0.0,	0.0,	0.0,	1.0,	0.0
2014-04-18T13:21:24.000,	0.0,	0.0,	0.0,	0.0,	1.0,	0.0
2014-04-18T13:21:28.000,	0.0,	0.0,	0.0,	0.0,	1.0,	0.0
2014-04-18T13:21:32.000,	0.0,	0.0,	0.0,	0.0,	1.0,	0.0
2014-04-18T13:21:36.000,	0.0,	0.0,	0.0,	0.0,	1.0,	0.0
2014-04-18T13:21:40.000,	0.0,	0.0,	0.0,	0.0,	1.0,	0.0
2014-04-18T13:21:44.000,	0.0,	0.0,	0.0,	0.0,	1.0,	0.0
2014-04-18T13:21:48.000,	0.0,	0.0,	0.0,	0.0,	1.0,	0.0
2014-04-18T13:21:52.000,	0.0,	0.0,	0.0,	0.0,	1.0,	0.0
2014-04-18T13:21:56.000,	0.0,	0.0,	0.0,	0.0,	1.0,	0.0
2014-04-18T13:22:00.000,	0.0,	0.0,	0.0,	0.0,	1.0,	0.0
2014-04-18T13:22:04.000,	0.0,	0.0,	0.0,	0.0,	1.0,	0.0
2014-04-18T13:22:08.000,	0.0,	0.0,	0.0,	0.0,	1.0,	0.0
2014-04-18T13:22:12.000,	0.0,	0.0,	0.0,	0.0,	1.0,	0.0
2014-04-18T13:22:16.000,	0.0,	0.0,	0.0,	0.0,	1.0,	0.0
2014-04-18T13:22:20.000,	0.0,	0.0,	0.0,	0.0,	1.0,	0.0
2014-04-18T13:22:24.000,	0.0,	0.0,	0.0,	0.0,	1.0,	0.0
2014-04-18T13:22:28.000,	0.0,	0.0,	0.0,	0.0,	1.0,	0.0
2014-04-18T13:22:32.000,	0.0,	0.0,	0.0,	0.0,	1.0,	0.0
2014-04-18T13:22:36.000,	0.0,	0.0,	0.0,	0.0,	1.0,	0.0
2014-04-18T13:22:40.000,	0.0,	0.0,	0.0,	0.0,	1.0,	0.0
2014-04-18T13:22:44.000,	0.0,	0.0,	0.0,	0.0,	1.0,	0.0
2014-04-18T13:22:48.000,	0.0,	0.0,	0.0,	0.0,	1.0,	0.0
2014-04-18T13:22:52.000,	0.0,	0.0,	0.0,	0.0,	1.0,	0.0
2014-04-18T13:22:56.000,	0.0,	0.0,	0.0,	0.0,	1.0,	0.0
2014-04-18T13:23:00.000,	0.0,	0.0,	0.0,	0.0,	1.0,	0.0
2014-04-18T13:23:04.000,	0.0,	0.0,	0.0,	0.0,	1.0,	0.0
2014-04-18T13:23:08.000,	0.0,	0.0,	0.0,	0.0,	1.0,	0.0
2014-04-18T13:23:12.000,	0.0,	0.0,	0.0,	0.0,	1.0,	0.0
2014-04-18T13:23:16.000,	0.0,	0.0,	0.0,	0.0,	1.0,	0.0
2014-04-18T13:23:20.000,	0.0,	0.0,	0.0,	0.0,	1.0,	0.0
2014-04-18T13:23:24.000,	0.0,	0.0,	0.0,	0.0,	1.0,	0.0
2014-04-18T13:23:28.000,	0.0,	0.0,	0.0,	0.0,	1.0,	0.0
2014-04-18T13:23:32.000,	0.0,	0.0,	0.0,	0.0,	1.0,	0.0
2014-04-18T13:23:36.000,	0.0,	0.0,	0.0,	0.0,	1.0,	0.0
2014-04-18T13:23:40.000,	0.0,	0.0,	0.0,	0.0,	1.0,	0.0
2014-04-18T13:23:44.000,	0.0,	0.0,	0.0,	0.0,	1.0,	0.0
2014-04-18T13:23:48.000,	0.0,	0.0,	0.0,	0.0,	1.0,	0.0
2014-04-18T13:23:52.000,	0.0,	0.0,	0.0,	0.0,	1.0,	0.0
2014-04-18T13:23:56.000,	0.0,	0.0,	0.0,	0.0,	1.0,	0.0
2014-04-18T13:24:00.000,	0.0,	0.0,	0.0,	0.0,	1.0,	0.0
2014-04-18T13:24:04.000,	0.0,	0.0,	0.0,	0.0,	1.0,	0.0
2014-04-18T13:24:08.000,	0.0,	0.0,	0.0,	0.0,	1.0,	0.0
2014-04-18T13:24:12.000,	0.0,	0.0,	0.0,	0.0,	1.0,	0.0
2014-04-18T13:24:16.000,	0.0,	0.0,	0.0,	0.0,	1.0,	0.0
2014-04-18T13:24:20.000,	0.0,	0.0,	0.0,	0.0,	1.0,	0.0
2014-04-18T13:24:24.000,	0.0,	0.0,	0.0,	0.0,	1.0,	0.0
2014-04-18T13:24:28.000,	0.0,	0.0,	0.0,	0.0,	1.0,	0.0
2014-04-18T13:24:32.000,	0.0,	0.0,	0.0,	0.0,	1.0,	0.0
2014-04-18T13:24:36.000,	0.0,	0.0,	0.0,	0.0,	1.0,	0.0
2014-04-18T13:24:40.000,	0.0,	0.0,	0.0,	0.0,	1.0,	0.0
2014-04-18T13:24:44.000,	0.0,	0.0,	0.0,	0.0,	1.0,	0.0
2014-04-18T13:24:48.000,	0.0,	0.0,	0.0,	0.0,	1.0,	0.0
2014-04-18T13:24:52.000,	0.0,	0.0,	0.0,	0.0,	1.0,	0.0
2014-04-18T13:24:56.000,	0.0,	0.0,	0.0,	0.0,	1.0,	0.0
2014-04-18T13:25:00.000,	0.0,	0.0,	0.0,	0.0,	1.0,	0.0
2014-04-18T13:25:04.000,	0.0,	0.0,	0.0,	0.0,	1.0,	0.0
2014-04-18T13:25:08.000,	0.0,	0.0,	0.0,	0.0,	1.0,	0.0
2014-04-18T13:25:12.000,	0.0,	0.0,	0.0,	0.0,	1.0,	0.0
2014-04-18T13:25:16.000,	0.0,	0.0,	0.0,	0.0,	1.0,	0.0
2014-04-18T13:25:20.000,	0.0,	0.0,	0.0,	0.0,	1.0,	0.0
2014-04-18T13:25:24.000,	0.0,	0.0,	0.0,	0.0,	1.0,	0.0
2014-04-18T13:25:28.000,	0.0,	0.0,	0.0,	0.0,	1.0,	0.0
2014-04-18T13:25:32.000,	0.0,	0.0,	0.0,	0.0,	1.0,	0.0
2014-04-18T13:25:36.000,	0.0,	0.0,	0.0,	0.0,	1.0,	0.0
2014-04-18T13:25:40.000,	0.0,	0.0,	0.0,	0.0,	1.0,	0.0
2014-04-18T13:25:44.000,	0.0,	0.0,	0.0,	0.0,	1.0,	0.0
2014-04-18T13:25:48.000,	0.0,	0.0,	0.0,	0.0,	1.0,	0.0
2014-04-18T13:25:52.000,	0.0,	0.0,	0.0,	0.0,	1.0,	0.0
2014-04-18T13:25:56.000,	0.0,	0.0,	0.0,	0.0,	1.0,	0.0
2014-04-18T13:26:00.000,	0.0,	0.0,	0.0,	0.0,	1.0,	0.0
2014-04-18T13:26:04.000,	0.0,	0.0,	0.0,	0.0,	1.0,	0.0
2014-04-18T13:26:08.000,	0.0,	0.0,	0.0,	0.0,	1.0,	0.0
2014-04-18T13:26:12.000,	0.0,	0.0,	0.0,	0.0,	1.0,	0.0
2014-04-18T13:26:16.000,	0.0,	0.0,	0.0,	0.0,	1.0,	0.0
2014-04-18T13:26:20.000,	0.0,	0.0,	0.0,	0.0,	1.0,	0.0
2014-04-18T13:26:24.000,	0.0,	0.0,	0.0,	0.0,	1.0,	0.0
2014-04-18T13:26:28.000,	0.0,	0.0,	0.0,	0.0,	1.0,	0.0
2014-04-18T13:26:32.000,	0.0,	0.0,	0.0,	0.0,	1.0,	0.0
2014-04-18T13:26:36.000,	0.0,	0.0,	0.0,	0.0,	1.0,	0.0
2014-04-18T13:26:40.000,	0.0,	0.0,	0.0,	0.0,	1.0,	0.0
2014-04-18T13:26:44.000,	0.0,	0.0,	0.0,	0.0,	1.0,	0.0
2014-04-18T13:26:48.000,	0.0,	0.0,	0.0,	0.0,	1.0,	0.0
2014-04-18T13:26:52.000,	0.0,	0.0,	0.0,	0.0,	1.0,	0.0
2014-04-18T13:26:56.000,	0.0,	0.0,	0.0,	0.0,	1.0,	0.0
2014-04-18T13:27:00.000,	0.0,	0.0,	0.0,	0.0,	1.0,	0.0
2014-04-18T13:27:04.000,	0.0,	0.0,	0.0,	0.0,	1.0,	0.0
2014-04-18T13:27:08.000,	0.0,	0.0,	0.0,	0.0,	1.0,	0.0
2014-04-18T13:27:12.000,	0.0,	0.0,	0.0,	0.0,	1.0,	0.0
2014-04-18T13:27:16.000,	0.0,	0.0,	0.0,	0.0,	1.0,	0.0
2014-04-18T13:27:20.000,	0.0,	0.0,	0.0,	0.0,	1.0,	0.0
2014-04-18T13:27:24.000,	0.0,	0.0,	0.0,	0.0,	1.0,	0.0
2014-04-18T13:27:28.000,	0.0,	0.0,	0.0,	0.0,	1.0,	0.0
2014-04-18T13:27:32.000,	0.0,	0.0,	0.0,	0.0,	1.0,	0.0
2014-04-18T13:27:36.000,	0.0,	0.0,	0.0,	0.0,	1.0,	0.0
2014-04-18T13:27:40.000,	0.0,	0.0,	0.0,	0.0,	1.0,	0.0
2014-04-18T13:27:44.000,	0.0,	0.0,	0.0,	0.0,	1.0,	0.0
2014-04-18T13:27:48.000,	0.0,	0.0,	0.0,	0.0,	1.0,	0.0
2014-04-18T13:27:52.000,	0.0,	0.0,	0.0,	0.0,	1.0,	0.0
2014-04-18T13:27:56.000,	0.0,	0.0,	0.0,	0.0,	1.0,	0.0
2014-04-18T13:28:00.000,	0.0,	0.0,	0.0,	0.0,	1.0,	0.0
2014-04-18T13:28:04.000,	0.0,	0.0,	0.0,	0.0,	1.0,	0.0
2014-04-18T13:28:08.000,	0.0,	0.0,	0.0,	0.0,	1.0,	0.0
2014-04-18T13:28:12.000,	0.0,	0.0,	0.0,	0.0,	1.0,	0.0
2014-04-18T13:28:16.000,	0.0,	0.0,	0.0,	0.0,	1.0,	0.0
2014-04-18T13:28:20.000,	0.0,	0.0,	0.0,	0.0,	1.0,	0.0
2014-04-18T13:28:24.000,	0.0,	0.0,	0.0,	0.0,	1.0,	0.0
2014-04-18T13:28:28.000,	0.0,	0.0,	0.0,	0.0,	1.0,	0.0
2014-04-18T13:28:32.000,	0.0,	0.0,	0.0,	0.0,	1.0,	0.0
2014-04-18T13:28:36.000,	0.0,	0.0,	0.0,	0.0,	1.0,	0.0
2014-04-18T13:28:40.000,	0.0,	0.0,	0.0,	0.0,	1.0,	0.0
2014-04-18T13:28:44.000,	0.0,	0.0,	0.0,	0.0,	1.0,	0.0
2014-04-18T13:28:48.000,	0.0,	0.0,	0.0,	0.0,	1.0,	0.0
2014-04-18T13:28:52.000,	0.0,	0.0,	0.0,	0.0,	1.0,	0.0
2014-04-18T13:28:56.000,	0.0,	0.0,	0.0,	0.0,	1.0,	0.0
2014-04-18T13:29:00.000,	0.0,	0.0,	0.0,	0.0,	1.0,	0.0
2014-04-18T13:29:04.000,	0.0,	0.0,	0.0,	0.0,	1.0,	0.0
2014-04-18T13:29:08.000,	0.0,	0.0,	0.0,	0.0,	1.0,	0.0
2014-04-18T13:29:12.000,	0.0,	0.0,	0.0,	0.0,	1.0,	0.0
2014-04-18T13:29:16.000,	0.0,	0.0,	0.0,	0.0,	1.0,	0.0
2014-04-18T13:29:20.000,	0.0,	0.0,	0.0,	0.0,	1.0,	0.0
2014-04-18T13:29:24.000,	0.0,	0.0,	0.0,	0.0,	1.0,	0.0
2014-04-18T13:29:28.000,	0.0,	0.0,	0.0,	0.0,	1.0,	0.0
2014-04-18T13:29:32.000,	0.0,	0.0,	0.0,	0.0,	1.0,	0.0
2014-04-18T13:29:36.000,	0.0,	0.0,	0.0,	0.0,	1.0,	0.0
2014-04-18T13:29:40.000,	0.0,	0.0,	0.0,	0.0,	1.0,	0.0
2014-04-18T13:29:44.000,	0.0,	0.0,	0.0,	0.0,	1.0,	0.0
2014-04-18T13:29:48.000,	0.0,	0.0,	0.0,	0.0,	1.0,	0.0
2014-04-18T13:29:52.000,	0.0,	0.0,	0.0,	0.0,	1.0,	0.0
2014-04-18T13:29:56.000,	0.0,	0.0,	0.0,	0.0,	1.0,	0.0
2014-04-18T13:30:00.000,	0.0,	0.0,	0.0,	0.0,	1.0,	0.0
2014-04-18T13:30:04.000,	0.0,	0.0,	0.0,	0.0,	1.0,	0.0
2014-04-18T13:30:08.000,	0.0,	0.0,	0.0,	0.0,	1.0,	0.0
2014-04-18T13:30:12.000,	0.0,	0.0,	0.0,	0.0,	1.0,	0.0
2014-04-18T13:30:16.000,	0.0,	0.0,	0.0,	0.0,	1.0,	0.0
2014-04-18T13:30:20.000,	0.0,	0.0,	0.0,	0.0,	1.0,	0.0
2014-04-18T13:30:24.000,	0.0,	0.0,	0.0,	0.0,	1.0,	0.0
2014-04-18T13:30:28.000,	0.0,	0.0,	0.0,	0.0,	1.0,	0.0
2014-04-18T13:30:32.000,	0.0,	0.0,	0.0,	0.0,	1.0,	0.0
2014-04-18T13:30:36.000,	0.0,	0.0,	0.0,	0.0,	1.0,	0.0
2014-04-18T13:30:40.000,	0.0,	0.0,	0.0,	0.0,	1.0,	0.0
2014-04-18T13:30:44.000,	0.0,	0.0,	0.0,	0.0,	1.0,	0.0
2014-04-18T13:30:48.000,	0.0,	0.0,	0.0,	0.0,	1.0,	0.0
2014-04-18T13:30:52.000,	0.0,	0.0,	0.0,	0.0,	1.0,	0.0
2014-04-18T13:30:56.000,	0.0,	0.0,	0.0,	0.0,	1.0,	0.0
2014-04-18T13:31:00.000,	0.0,	0.0,	0.0,	0.0,	1.0,	0.0
2014-04-18T13:31:04.000,	0.0,	0.0,	0.0,	0.0,	1.0,	0.0
2014-04-18T13:31:08.000,	0.0,	0.0,	0.0,	0.0,	1.0,	0.0
2014-04-18T13:31:12.000,	0.0,	0.0,	0.0,	0.0,	1.0,	0.0
2014-04-18T13:31:16.000,	0.0,	0.0,	0.0,	0.0,	1.0,	0.0
2014-04-18T13:31:20.000,	0.0,	0.0,	0.0,	0.0,	1.0,	0.0
2014-04-18T13:31:24.000,	0.0,	0.0,	0.0,	0.0,	1.0,	0.0
2014-04-18T13:31:28.000,	0.0,	0.0,	0.0,	0.0,	1.0,	0.0
2014-04-18T13:31:32.000,	0.0,	0.0,	0.0,	0.0,	1.0,	0.0
2014-04-18T13:31:36.000,	0.0,	0.0,	0.0,	0.0,	1.0,	0.0
2014-04-18T13:31:40.000,	0.0,	0.0,	0.0,	0.0,	1.0,	0.0
2014-04-18T13:31:44.000,	0.0,	0.0,	0.0,	0.0,	1.0,	0.0
2014-04-18T13:31:48.000,	0.0,	0.0,	0.0,	0.0,	1.0,	0.0
2014-04-18T13:31:52.000,	0.0,	0.0,	0.0,	0.0,	1.0,	0.0
2014-04-18T13:31:56.000,	0.0,	0.0,	0.0,	0.0,	1.0,	0.0
2014-04-18T13:32:00.000,	0.0,	0.0,	0.0,	0.0,	1.0,	0.0
2014-04-18T13:32:04.000,	0.0,	0.0,	0.0,	0.0,	1.0,	0.0
2014-04-18T13:32:08.000,	0.0,	0.0,	0.0,	0.0,	1.0,	0.0
2014-04-18T13:32:12.000,	0.0,	0.0,	0.0,	0.0,	1.0,	0.0
2014-04-18T13:32:16.000,	0.0,	0.0,	0.0,	0.0,	1.0,	0.0
2014-04-18T13:32:20.000,	0.0,	0.0,	0.0,	0.0,	1.0,	0.0
2014-04-18T13:32:24.000,	0.0,	0.0,	0.0,	0.0,	1.0,	0.0
2014-04-18T13:32:28.000,	0.0,	0.0,	0.0,	0.0,	1.0,	0.0
2014-04-18T13:32:32.000,	0.0,	0.0,	0.0,	0.0,	1.0,	0.0
2014-04-18T13:32:36.000,	0.0,	0.0,	0.0,	0.0,	1.0,	0.0
2014-04-18T13:32:40.000,	0.0,	0.0,	0.0,	0.0,	1.0,	0.0
2014-04-18T13:32:44.000,	0.0,	0.0,	0.0,	0.0,	1.0,	0.0
2014-04-18T13:32:48.000,	0.0,	0.0,	0.0,	0.0,	1.0,	0.0
2014-04-18T13:32:52.000,	0.0,	0.0,	0.0,	0.0,	1.0,	0.0
2014-04-18T13:32:56.000,	0.0,	0.0,	0.0,	0.0,	1.0,	0.0
2014-04-18T13:33:00.000,	0.0,	0.0,	0.0,	0.0,	1.0,	0.0
2014-04-18T13:33:04.000,	0.0,	0.0,	0.0,	0.0,	1.0,	0.0
2014-04-18T13:33:08.000,	0.0,	0.0,	0.0,	0.0,	1.0,	0.0
2014-04-18T13:33:12.000,	0.0,	0.0,	0.0,	0.0,	1.0,	0.0
2014-04-18T13:33:16.000,	0.0,	0.0,	0.0,	0.0,	1.0,	0.0
2014-04-18T13:33:20.000,	0.0,	0.0,	0.0,	0.0,	1.0,	0.0
2014-04-18T13:33:24.000,	0.0,	0.0,	0.0,	0.0,	1.0,	0.0
2014-04-18T13:33:28.000,	0.0,	0.0,	0.0,	0.0,	1.0,	0.0
2014-04-18T13:33:32.000,	0.0,	0.0,	0.0,	0.0,	1.0,	0.0
2014-04-18T13:33:36.000,	0.0,	0.0,	0.0,	0.0,	1.0,	0.0
2014-04-18T13:33:40.000,	0.0,	0.0,	0.0,	0.0,	1.0,	0.0
2014-04-18T13:33:44.000,	0.0,	0.0,	0.0,	0.0,	1.0,	0.0
2014-04-18T13:33:48.000,	0.0,	0.0,	0.0,	0.0,	1.0,	0.0
2014-04-18T13:33:52.000,	0.0,	0.0,	0.0,	0.0,	1.0,	0.0
2014-04-18T13:33:56.000,	0.0,	0.0,	0.0,	0.0,	1.0,	0.0
2014-04-18T13:34:00.000,	0.0,	0.0,	0.0,	0.0,	1.0,	0.0
2014-04-18T13:34:04.000,	0.0,	0.0,	0.0,	0.0,	1.0,	0.0
2014-04-18T13:34:08.000,	0.0,	0.0,	0.0,	0.0,	1.0,	0.0
2014-04-18T13:34:12.000,	0.0,	0.0,	0.0,	0.0,	1.0,	0.0
2014-04-18T13:34:16.000,	0.0,	0.0,	0.0,	0.0,	1.0,	0.0
2014-04-18T13:34:20.000,	0.0,	0.0,	0.0,	0.0,	1.0,	0.0
2014-04-18T13:34:24.000,	0.0,	0.0,	0.0,	0.0,	1.0,	0.0
2014-04-18T13:34:28.000,	0.0,	0.0,	0.0,	0.0,	1.0,	0.0
2014-04-18T13:34:32.000,	0.0,	0.0,	0.0,	0.0,	1.0,	0.0
2014-04-18T13:34:36.000,	0.0,	0.0,	0.0,	0.0,	1.0,	0.0
2014-04-18T13:34:40.000,	0.0,	0.0,	0.0,	0.0,	1.0,	0.0
2014-04-18T13:34:44.000,	0.0,	0.0,	0.0,	0.0,	1.0,	0.0
2014-04-18T13:34:48.000,	0.0,	0.0,	0.0,	0.0,	1.0,	0.0
2014-04-18T13:34:52.000,	0.0,	0.0,	0.0,	0.0,	1.0,	0.0
2014-04-18T13:34:56.000,	0.0,	0.0,	0.0,	0.0,	1.0,	0.0
2014-04-18T13:35:00.000,	0.0,	0.0,	0.0,	0.0,	1.0,	0.0
2014-04-18T13:35:04.000,	0.0,	0.0,	0.0,	0.0,	1.0,	0.0
2014-04-18T13:35:08.000,	0.0,	0.0,	0.0,	0.0,	1.0,	0.0
2014-04-18T13:35:12.000,	0.0,	0.0,	0.0,	0.0,	1.0,	0.0
2014-04-18T13:35:16.000,	0.0,	0.0,	0.0,	0.0,	1.0,	0.0
2014-04-18T13:35:20.000,	0.0,	0.0,	0.0,	0.0,	1.0,	0.0
2014-04-18T13:35:24.000,	0.0,	0.0,	0.0,	0.0,	1.0,	0.0
2014-04-18T13:35:28.000,	0.0,	0.0,	0.0,	0.0,	1.0,	0.0
2014-04-18T13:35:32.000,	0.0,	0.0,	0.0,	0.0,	1.0,	0.0
2014-04-18T13:35:36.000,	0.0,	0.0,	0.0,	0.0,	1.0,	0.0
2014-04-18T13:35:40.000,	0.0,	0.0,	0.0,	0.0,	1.0,	0.0
2014-04-18T13:35:44.000,	0.0,	0.0,	0.0,	0.0,	1.0,	0.0
2014-04-18T13:35:48.000,	0.0,	0.0,	0.0,	0.0,	1.0,	0.0
2014-04-18T13:35:52.000,	0.0,	0.0,	0.0,	0.0,	1.0,	0.0
2014-04-18T13:35:56.000,	0.0,	0.0,	0.0,	0.0,	1.0,	0.0
2014-04-18T13:36:00.000,	0.0,	0.0,	0.0,	0.0,	1.0,	0.0
2014-04-18T13:36:04.000,	0.0,	0.0,	0.0,	0.0,	1.0,	0.0
2014-04-18T13:36:08.000,	0.0,	0.0,	0.0,	0.0,	1.0,	0.0
2014-04-18T13:36:12.000,	0.0,	0.0,	0.0,	0.0,	1.0,	0.0
2014-04-18T13:36:16.000,	0.0,	0.0,	0.0,	0.0,	1.0,	0.0
2014-04-18T13:36:20.000,	0.0,	0.0,	0.0,	0.0,	1.0,	0.0
2014-04-18T13:36:24.000,	0.0,	0.0,	0.0,	0.0,	1.0,	0.0
2014-04-18T13:36:28.000,	0.0,	0.0,	0.0,	0.0,	1.0,	0.0
2014-04-18T13:36:32.000,	0.0,	0.0,	0.0,	0.0,	1.0,	0.0
2014-04-18T13:36:36.000,	0.0,	0.0,	0.0,	0.0,	1.0,	0.0
2014-04-18T13:36:40.000,	0.0,	0.0,	0.0,	0.0,	1.0,	0.0
2014-04-18T13:36:44.000,	0.0,	0.0,	0.0,	0.0,	1.0,	0.0
2014-04-18T13:36:48.000,	0.0,	0.0,	0.0,	0.0,	1.0,	0.0
2014-04-18T13:36:52.000,	0.0,	0.0,	0.0,	0.0,	1.0,	0.0
2014-04-18T13:36:56.000,	0.0,	0.0,	0.0,	0.0,	1.0,	0.0
2014-04-18T13:37:00.000,	0.0,	0.0,	0.0,	0.0,	1.0,	0.0
2014-04-18T13:37:04.000,	0.0,	0.0,	0.0,	0.0,	1.0,	0.0
2014-04-18T13:37:08.000,	0.0,	0.0,	0.0,	0.0,	1.0,	0.0
2014-04-18T13:37:12.000,	0.0,	0.0,	0.0,	0.0,	1.0,	0.0
2014-04-18T13:37:16.000,	0.0,	0.0,	0.0,	0.0,	1.0,	0.0
2014-04-18T13:37:20.000,	0.0,	0.0,	0.0,	0.0,	1.0,	0.0
2014-04-18T13:37:24.000,	0.0,	0.0,	0.0,	0.0,	1.0,	0.0
2014-04-18T13:37:28.000,	0.0,	0.0,	0.0,	0.0,	1.0,	0.0
2014-04-18T13:37:32.000,	0.0,	0.0,	0.0,	0.0,	1.0,	0.0
2014-04-18T13:37:36.000,	0.0,	0.0,	0.0,	0.0,	1.0,	0.0
2014-04-18T13:37:40.000,	0.0,	0.0,	0.0,	0.0,	1.0,	0.0
2014-04-18T13:37:44.000,	0.0,	0.0,	0.0,	0.0,	1.0,	0.0
2014-04-18T13:37:48.000,	0.0,	0.0,	0.0,	0.0,	1.0,	0.0
2014-04-18T13:37:52.000,	0.0,	0.0,	0.0,	0.0,	1.0,	0.0
2014-04-18T13:37:56.000,	0.0,	0.0,	0.0,	0.0,	1.0,	0.0
2014-04-18T13:38:00.000,	0.0,	0.0,	0.0,	0.0,	1.0,	0.0
2014-04-18T13:38:04.000,	0.0,	0.0,	0.0,	0.0,	1.0,	0.0
2014-04-18T13:38:08.000,	0.0,	0.0,	0.0,	0.0,	1.0,	0.0
2014-04-18T13:38:12.000,	0.0,	0.0,	0.0,	0.0,	1.0,	0.0
2014-04-18T13:38:16.000,	0.0,	0.0,	0.0,	0.0,	1.0,	0.0
2014-04-18T13:38:20.000,	0.0,	0.0,	0.0,	0.0,	1.0,	0.0
2014-04-18T13:38:24.000,	0.0,	0.0,	0.0,	0.0,	1.0,	0.0
2014-04-18T13:38:28.000,	0.0,	0.0,	0.0,	0.0,	1.0,	0.0
2014-04-18T13:38:32.000,	0.0,	0.0,	0.0,	0.0,	1.0,	0.0
2014-04-18T13:38:36.000,	0.0,	0.0,	0.0,	0.0,	1.0,	0.0
2014-04-18T13:38:40.000,	0.0,	0.0,	0.0,	0.0,	1.0,	0.0
2014-04-18T13:38:44.000,	0.0,	0.0,	0.0,	0.0,	1.0,	0.0
2014-04-18T13:38:48.000,	0.0,	0.0,	0.0,	0.0,	1.0,	0.0
2014-04-18T13:38:52.000,	0.0,	0.0,	0.0,	0.0,	1.0,	0.0
2014-04-18T13:38:56.000,	0.0,	0.0,	0.0,	0.0,	1.0,	0.0
2014-04-18T13:39:00.000,	0.0,	0.0,	0.0,	0.0,	1.0,	0.0
2014-04-18T13:39:04.000,	0.0,	0.0,	0.0,	0.0,	1.0,	0.0
2014-04-18T13:39:08.000,	0.0,	0.0,	0.0,	0.0,	1.0,	0.0
2014-04-18T13:39:12.000,	0.0,	0.0,	0.0,	0.0,	1.0,	0.0
2014-04-18T13:39:16.000,	0.0,	0.0,	0.0,	0.0,	1.0,	0.0
2014-04-18T13:39:20.000,	0.0,	0.0,	0.0,	0.0,	1.0,	0.0
2014-04-18T13:39:24.000,	0.0,	0.0,	0.0,	0.0,	1.0,	0.0
2014-04-18T13:39:28.000,	0.0,	0.0,	0.0,	0.0,	1.0,	0.0
2014-04-18T13:39:32.000,	0.0,	0.0,	0.0,	0.0,	1.0,	0.0
2014-04-18T13:39:36.000,	0.0,	0.0,	0.0,	0.0,	1.0,	0.0
2014-04-18T13:39:40.000,	0.0,	0.0,	0.0,	0.0,	1.0,	0.0
2014-04-18T13:39:44.000,	0.0,	0.0,	0.0,	0.0,	1.0,	0.0
2014-04-18T13:39:48.000,	0.0,	0.0,	0.0,	0.0,	1.0,	0.0
2014-04-18T13:39:52.000,	0.0,	0.0,	0.0,	0.0,	1.0,	0.0
2014-04-18T13:39:56.000,	0.0,	0.0,	0.0,	0.0,	1.0,	0.0
2014-04-18T13:40:00.000,	0.0,	0.0,	0.0,	0.0,	1.0,	0.0
2014-04-18T13:40:04.000,	0.0,	0.0,	0.0,	0.0,	1.0,	0.0
2014-04-18T13:40:08.000,	0.0,	0.0,	0.0,	0.0,	1.0,	0.0
2014-04-18T13:40:12.000,	0.0,	0.0,	0.0,	0.0,	1.0,	0.0
2014-04-18T13:40:16.000,	0.0,	0.0,	0.0,	0.0,	1.0,	0.0
2014-04-18T13:40:20.000,	22.07,	81.66,	7.74,	7.8,	1.0,	0.0
2014-04-18T13:40:24.000,	29.36,	108.87,	10.32,	10.4,	1.0,	0.0
2014-04-18T13:40:28.000,	29.36,	108.87,	10.32,	10.4,	1.0,	0.0
2014-04-18T13:40:32.000,	21.98,	81.65,	7.74,	7.8,	1.0,	0.0
2014-04-18T13:40:36.000,	0.0,	0.0,	0.0,	0.0,	1.0,	0.0
2014-04-18T13:40:40.000,	0.0,	0.0,	0.0,	0.0,	1.0,	0.0
2014-04-18T13:40:44.000,	0.0,	0.0,	0.0,	0.0,	1.0,	0.0
2014-04-18T13:40:48.000,	0.0,	0.0,	0.0,	0.0,	1.0,	0.0
2014-04-18T13:40:52.000,	0.0,	0.0,	0.0,	0.0,	1.0,	0.0
2014-04-18T13:40:56.000,	0.0,	0.0,	0.0,	0.0,	1.0,	0.0
2014-04-18T13:41:00.000,	0.0,	0.0,	0.0,	0.0,	1.0,	0.0
2014-04-18T13:41:04.000,	0.0,	0.0,	0.0,	0.0,	1.0,	0.0
2014-04-18T13:41:08.000,	0.0,	0.0,	0.0,	0.0,	1.0,	0.0
2014-04-18T13:41:12.000,	0.0,	0.0,	0.0,	0.0,	1.0,	0.0
2014-04-18T13:41:16.000,	0.0,	0.0,	0.0,	0.0,	1.0,	0.0
2014-04-18T13:41:20.000,	0.0,	0.0,	0.0,	0.0,	1.0,	0.0
2014-04-18T13:41:24.000,	0.0,	0.0,	0.0,	0.0,	1.0,	0.0
2014-04-18T13:41:28.000,	0.0,	0.0,	0.0,	0.0,	1.0,	0.0
2014-04-18T13:41:32.000,	0.0,	0.0,	0.0,	0.0,	1.0,	0.0
2014-04-18T13:41:36.000,	0.0,	0.0,	0.0,	0.0,	1.0,	0.0
2014-04-18T13:41:40.000,	0.0,	0.0,	0.0,	0.0,	1.0,	0.0
2014-04-18T13:41:44.000,	0.0,	0.0,	0.0,	0.0,	1.0,	0.0
2014-04-18T13:41:48.000,	0.0,	0.0,	0.0,	0.0,	1.0,	0.0
2014-04-18T13:41:52.000,	0.0,	0.0,	0.0,	0.0,	1.0,	0.0
2014-04-18T13:41:56.000,	0.0,	0.0,	0.0,	0.0,	1.0,	0.0
2014-04-18T13:42:00.000,	0.0,	0.0,	0.0,	0.0,	1.0,	0.0
2014-04-18T13:42:04.000,	0.0,	0.0,	0.0,	0.0,	1.0,	0.0
2014-04-18T13:42:08.000,	0.0,	0.0,	0.0,	0.0,	1.0,	0.0
2014-04-18T13:42:12.000,	0.0,	0.0,	0.0,	0.0,	1.0,	0.0
2014-04-18T13:42:16.000,	0.0,	0.0,	0.0,	0.0,	1.0,	0.0
2014-04-18T13:42:20.000,	0.0,	0.0,	0.0,	0.0,	1.0,	0.0
2014-04-18T13:42:24.000,	0.0,	0.0,	0.0,	0.0,	1.0,	0.0
2014-04-18T13:42:28.000,	0.0,	0.0,	0.0,	0.0,	1.0,	0.0
2014-04-18T13:42:32.000,	32.0,	135.66,	12.98,	13.0,	1.0,	0.0
2014-04-18T13:42:36.000,	38.0,	130.24,	13.97,	13.0,	1.0,	0.0
2014-04-18T13:42:40.000,	36.0,	124.82,	14.96,	13.0,	1.0,	0.0
2014-04-18T13:42:44.000,	36.0,	124.75,	14.98,	13.0,	1.0,	0.0
2014-04-18T13:42:48.000,	36.0,	124.56,	14.99,	13.2,	1.0,	0.0
2014-04-18T13:42:52.000,	34.0,	124.62,	15.0,	13.0,	1.0,	0.0
2014-04-18T13:42:56.000,	36.0,	123.94,	15.0,	14.0,	1.0,	0.0
2014-04-18T13:43:00.000,	36.0,	138.67,	16.0,	14.0,	1.0,	0.0
2014-04-18T13:43:04.000,	34.0,	122.59,	15.0,	14.0,	1.0,	0.0
2014-04-18T13:43:08.000,	36.0,	137.15,	16.0,	16.0,	1.0,	0.0
2014-04-18T13:43:12.000,	36.0,	136.39,	15.0,	15.0,	1.0,	0.0
2014-04-18T13:43:16.000,	36.0,	135.63,	16.0,	15.0,	1.0,	0.0
2014-04-18T13:43:20.000,	36.0,	149.85,	16.0,	15.0,	1.0,	0.0
2014-04-18T13:43:24.000,	36.0,	134.11,	14.0,	15.0,	1.0,	0.0
2014-04-18T13:43:28.000,	38.0,	133.34,	16.0,	14.0,	1.0,	0.0
2014-04-18T13:43:32.000,	38.0,	132.58,	18.0,	14.0,	1.0,	0.0
2014-04-18T13:43:36.000,	38.0,	131.82,	16.0,	15.0,	1.0,	0.0
2014-04-18T13:43:40.000,	30.0,	116.5,	16.0,	14.0,	1.0,	0.0
2014-04-18T13:43:44.000,	38.0,	115.82,	15.0,	13.0,	1.0,	0.0
2014-04-18T13:43:48.000,	36.0,	129.54,	16.0,	13.0,	1.0,	0.0
2014-04-18T13:43:52.000,	36.0,	114.47,	14.0,	12.0,	1.0,	0.0
2014-04-18T13:43:56.000,	36.0,	113.79,	15.0,	14.0,	1.0,	0.0
2014-04-18T13:44:00.000,	34.0,	113.12,	15.0,	15.0,	1.0,	0.0
2014-04-18T13:44:04.000,	34.0,	112.44,	18.0,	14.0,	1.0,	0.0
2014-04-18T13:44:08.000,	34.0,	111.76,	14.0,	14.0,	1.0,	0.0
2014-04-18T13:44:12.000,	32.0,	124.97,	15.0,	12.0,	1.0,	0.0
2014-04-18T13:44:16.000,	36.0,	124.21,	16.0,	15.0,	1.0,	0.0
2014-04-18T13:44:20.000,	34.0,	123.45,	15.0,	13.0,	1.0,	0.0
2014-04-18T13:44:24.000,	32.0,	122.69,	16.0,	14.0,	1.0,	0.0
2014-04-18T13:44:28.000,	36.0,	121.93,	15.0,	12.0,	1.0,	0.0
2014-04-18T13:44:32.000,	34.0,	121.17,	16.0,	15.0,	1.0,	0.0
2014-04-18T13:44:36.000,	36.0,	120.4,	16.0,	16.0,	1.0,	0.0
2014-04-18T13:44:40.000,	32.0,	119.64,	14.0,	14.0,	1.0,	0.0
2014-04-18T13:44:44.000,	34.0,	118.88,	16.0,	15.0,	1.0,	0.0
2014-04-18T13:44:48.000,	36.0,	105.0,	15.0,	14.0,	1.0,	0.0
2014-04-18T13:44:52.000,	34.0,	117.36,	15.0,	14.0,	1.0,	0.0
2014-04-18T13:44:56.000,	34.0,	103.64,	14.0,	14.0,	1.0,	0.0
2014-04-18T13:45:00.000,	32.0,	96.53,	14.0,	13.01,	1.0,	0.0
2014-04-18T13:45:04.000,	34.0,	115.08,	16.0,	14.06,	1.0,	0.0
2014-04-18T13:45:08.000,	32.0,	114.32,	16.0,	16.12,	1.0,	0.0
2014-04-18T13:45:12.000,	32.0,	113.55,	15.0,	15.17,	1.0,	0.0
2014-04-18T13:45:16.000,	34.0,	112.79,	16.0,	15.23,	1.0,	0.0
2014-04-18T13:45:20.000,	34.0,	99.58,	14.0,	14.26,	1.0,	0.0
2014-04-18T13:45:24.000,	32.0,	98.91,	15.0,	14.31,	1.0,	0.0
2014-04-18T13:45:28.000,	32.0,	110.51,	16.0,	16.41,	1.0,	0.0
2014-04-18T13:45:32.000,	32.0,	109.75,	15.0,	14.41,	1.0,	0.0
2014-04-18T13:45:36.000,	32.0,	96.88,	15.0,	14.46,	1.0,	0.0
2014-04-18T13:45:40.000,	34.0,	108.23,	15.0,	14.51,	1.0,	0.0
2014-04-18T13:45:44.000,	34.0,	95.52,	15.0,	13.52,	1.0,	0.0
2014-04-18T13:45:48.000,	32.0,	94.85,	16.0,	14.62,	1.0,	0.0
2014-04-18T13:45:52.000,	32.0,	94.17,	16.0,	15.71,	1.0,	0.0
2014-04-18T13:45:56.000,	34.0,	93.49,	13.0,	15.77,	1.0,	0.0
2014-04-18T13:46:00.000,	32.0,	92.82,	16.0,	14.77,	1.0,	0.0
2014-04-18T13:46:04.000,	34.0,	103.66,	16.0,	13.76,	1.0,	0.0
2014-04-18T13:46:08.000,	30.0,	85.75,	14.0,	14.87,	1.0,	0.0
2014-04-18T13:46:12.000,	32.0,	90.79,	16.0,	14.92,	1.0,	0.0
2014-04-18T13:46:16.000,	34.0,	101.38,	16.0,	16.04,	1.0,	0.0
2014-04-18T13:46:20.000,	36.0,	100.61,	16.0,	16.09,	1.0,	0.0
2014-04-18T13:46:24.000,	36.0,	88.76,	14.0,	15.07,	1.0,	0.0
2014-04-18T13:46:28.000,	32.0,	88.08,	15.0,	15.12,	1.0,	0.0
2014-04-18T13:46:32.000,	32.0,	87.41,	16.0,	15.17,	1.0,	0.0
2014-04-18T13:46:36.000,	30.0,	86.73,	14.0,	15.22,	1.0,	0.0
2014-04-18T13:46:40.000,	32.0,	96.81,	14.0,	16.37,	1.0,	0.0
2014-04-18T13:46:44.000,	30.0,	96.05,	16.0,	15.33,	1.0,	0.0
2014-04-18T13:46:48.000,	30.0,	84.7,	16.0,	15.38,	1.0,	0.0
2014-04-18T13:46:52.000,	30.0,	94.53,	16.0,	16.53,	1.0,	0.0
2014-04-18T13:46:56.000,	30.0,	83.35,	15.0,	15.48,	1.0,	0.0
2014-04-18T13:47:00.000,	36.0,	82.67,	16.0,	15.53,	1.0,	0.0
2014-04-18T13:47:04.000,	30.0,	81.99,	16.0,	15.58,	1.0,	0.0
2014-04-18T13:47:08.000,	30.0,	81.32,	14.0,	16.75,	1.0,	0.0
2014-04-18T13:47:12.000,	32.0,	80.64,	14.0,	14.56,	1.0,	0.0
2014-04-18T13:47:16.000,	28.0,	79.96,	15.0,	14.61,	1.0,	0.0
2014-04-18T13:47:20.000,	28.0,	79.29,	14.0,	14.65,	1.0,	0.0
2014-04-18T13:47:24.000,	30.0,	78.61,	15.0,	14.7,	1.0,	0.0
2014-04-18T13:47:28.000,	28.0,	68.19,	14.0,	13.61,	1.0,	0.0
2014-04-18T13:47:32.000,	30.0,	77.26,	14.0,	15.93,	1.0,	0.0
2014-04-18T13:47:36.000,	30.0,	86.15,	15.0,	17.13,	1.0,	0.0
2014-04-18T13:47:40.000,	30.0,	75.9,	14.0,	16.03,	1.0,	0.0
2014-04-18T13:47:44.000,	26.0,	70.53,	14.0,	14.94,	1.0,	0.0
2014-04-18T13:47:48.000,	30.0,	74.55,	15.0,	14.98,	1.0,	0.0
2014-04-18T13:47:52.000,	28.0,	73.87,	14.0,	16.19,	1.0,	0.0
2014-04-18T13:47:56.000,	32.0,	68.62,	14.0,	16.24,	1.0,	0.0
2014-04-18T13:48:00.000,	28.0,	67.99,	14.0,	16.29,	1.0,	0.0
2014-04-18T13:48:04.000,	28.0,	80.83,	16.0,	17.51,	1.0,	0.0
2014-04-18T13:48:08.000,	30.0,	66.72,	15.0,	16.39,	1.0,	0.0
2014-04-18T13:48:12.000,	28.0,	70.49,	14.0,	14.09,	1.0,	0.0
2014-04-18T13:48:16.000,	30.0,	69.81,	15.0,	15.31,	1.0,	0.0
2014-04-18T13:48:20.000,	30.0,	77.78,	15.0,	16.54,	1.0,	0.0
2014-04-18T13:48:24.000,	28.0,	68.46,	13.0,	16.59,	1.0,	0.0
2014-04-18T13:48:28.000,	28.0,	67.79,	12.0,	15.45,	1.0,	0.0
2014-04-18T13:48:32.000,	28.0,	67.11,	16.0,	15.5,	1.0,	0.0
2014-04-18T13:48:36.000,	30.0,	62.28,	14.0,	15.55,	1.0,	0.0
2014-04-18T13:48:40.000,	30.0,	65.76,	15.0,	16.79,	1.0,	0.0
2014-04-18T13:48:44.000,	26.0,	61.01,	14.0,	16.85,	1.0,	0.0
2014-04-18T13:48:48.000,	28.0,	64.4,	14.0,	15.69,	1.0,	0.0
2014-04-18T13:48:52.000,	28.0,	59.74,	15.0,	16.95,	1.0,	0.0
2014-04-18T13:48:56.000,	24.0,	59.11,	14.0,	15.78,	1.0,	0.0
2014-04-18T13:49:00.000,	30.0,	62.37,	16.0,	18.27,	1.0,	0.0
2014-04-18T13:49:04.000,	26.0,	57.84,	13.0,	17.1,	1.0,	0.0
2014-04-18T13:49:08.000,	26.0,	53.39,	14.0,	17.15,	1.0,	0.0
2014-04-18T13:49:12.000,	30.0,	60.34,	15.0,	15.97,	1.0,	0.0
2014-04-18T13:49:16.000,	30.0,	59.67,	14.0,	16.02,	1.0,	0.0
2014-04-18T13:49:20.000,	30.0,	58.99,	14.0,	16.07,	1.0,	0.0
2014-04-18T13:49:24.000,	28.0,	58.31,	14.0,	16.11,	1.0,	0.0
2014-04-18T13:49:28.000,	28.0,	57.64,	13.0,	17.4,	1.0,	0.0
2014-04-18T13:49:32.000,	24.0,	49.84,	13.0,	16.21,	1.0,	0.0
2014-04-18T13:49:36.000,	18.0,	49.25,	13.0,	15.0,	1.0,	0.0
2014-04-18T13:49:40.000,	20.0,	52.13,	14.0,	17.55,	1.0,	0.0
2014-04-18T13:49:44.000,	20.0,	51.5,	14.0,	17.61,	1.0,	0.0
2014-04-18T13:49:48.000,	20.0,	44.08,	12.0,	15.13,	1.0,	0.0
2014-04-18T13:49:52.000,	18.0,	50.23,	13.0,	16.44,	1.0,	0.0
2014-04-18T13:49:56.000,	20.0,	52.9,	12.0,	16.49,	1.0,	0.0
2014-04-18T13:50:00.000,	22.0,	52.22,	14.0,	16.54,	1.0,	0.0
2014-04-18T13:50:04.000,	20.0,	41.88,	12.0,	15.31,	1.0,	0.0
2014-04-18T13:50:08.000,	20.0,	47.69,	13.0,	15.35,	1.0,	1.0
