      54493.0
      53558.0
      54707.0
      50913.0
      49430.0
      51131.0
      51493.0
      51701.0
      51995.0
      49445.0
      48002.0
      43435.0
      39867.0
      34911.0
      33425.0
      31378.0
      28512.0
      28738.0
      24810.0
      27538.0
      30334.0
      28557.0
      32702.0
      33989.0
      33324.0
      36890.0
      37116.0
      38678.0
      39724.0
      42954.0
      42708.0
      43830.0
      44814.0
      44411.0
      45318.0
      43373.0
      41666.0
      45842.0
      41944.0
      40932.0
      41044.0
      39168.0
      37319.0
      40108.0
      37974.0
      35937.0
      33155.0
      35058.0
      34780.0
      33377.0
      36662.0
      41018.0
      40342.0
      41165.0
      41131.0
      36734.0
      37327.0
      36878.0
      38480.0
      37848.0
      39436.0
      35645.0
      35836.0
      33207.0
      30032.0
      32226.0
      33408.0
      31129.0
      30171.0
      29900.0
      30037.0
      30605.0
      28037.0
      28806.0
      27366.0
      26475.0
      24450.0
      24668.0
      25141.0
      24734.0
      25251.0
      25739.0
      28992.0
      31457.0
      30234.0
      31865.0
      31007.0
      30352.0
      33502.0
      34123.0
      35947.0
      34688.0
      33756.0
      35210.0
      33821.0
      33881.0
      35483.0
      35236.0
      36488.0
      36944.0
      35553.0
      38281.0
      40053.0
      41840.0
      42707.0
      43622.0
      42656.0
      42641.0
      45504.0
      45364.0
      43711.0
      43184.0
      42400.0
      41230.0
      40389.0
      39845.0
      40179.0
      41271.0
      41393.0
      41633.0
      41674.0
      41944.0
      40764.0
      42210.0
      42785.0
      42650.0
      44346.0
      42846.0
      44542.0
      45520.0
      42346.0
      41516.0
      43346.0
      46411.0
      46755.0
      48573.0
      43607.0
      44995.0
      43198.0
      44262.0
      43928.0
      44162.0
      44389.0
      45015.0
      46699.0
      44365.0
      42061.0
      38112.0
      36104.0
      32331.0
      32752.0
      27329.0
      20218.0
      19281.0
      20295.0
      17595.0
      15606.0
      16022.0
      15457.0
      14692.0
      16168.0
      16145.0
      14792.0
      18820.0
      17310.0
      16772.0
      15536.0
      17890.0
      15630.0
      16698.0
      14223.0
      14807.0
      9321.00
      10024.0
      8533.00
      7058.00
      6449.00
      5329.00
      9521.00
      9086.00
      15070.0
      16765.0
      17740.0
      15622.0
      21251.0
      28110.0
      32239.0
      35138.0
      34146.0
      29291.0
      30031.0
      28445.0
      26458.0
      27092.0
      25531.0
      21113.0
      17585.0
      19226.0
      19250.0
      20540.0
      20791.0
      19857.0
      18533.0
      17207.0
      19355.0
      19614.0
      16803.0
      13969.0
      13137.0
      10801.0
      13431.0
      16366.0
      15348.0
      10095.0
      10225.0
      15091.0
      17500.0
      11070.0
      13590.0
      18134.0
      16690.0
      13202.0
      11704.0
      11419.0
      13483.0
      13057.0
      13057.0
      11428.0
      8462.00
      7901.00
      6285.00
      5333.00
      6980.00
      7511.00
      10345.0
      12259.0
      13069.0
      15331.0
      17969.0
      20266.0
      20032.0
      19305.0
      11842.0
      14512.0
      10555.0
      12008.0
      10741.0
      11959.0
      17449.0
      20971.0
      22533.0
      23651.0
      21833.0
      21864.0
      27467.0
      29505.0
      31497.0
      37142.0
      40367.0
      40790.0
      39601.0
      40215.0
      37520.0
      39747.0
      38216.0
      35992.0
      34963.0
      31131.0
      28635.0
      24526.0
      24802.0
      28028.0
      27301.0
      31286.0
      31813.0
      32166.0
      31305.0
      34707.0
      31588.0
      31527.0
      33122.0
      38612.0
      43337.0
      48738.0
      53745.0
      57326.0
      55031.0
      55181.0
      54208.0
      53307.0
      51868.0
      53801.0
      54173.0
      52082.0
      54204.0
      56518.0
      53273.0
      57786.0
      58317.0
