      49      49      50      51      52      52      49      49      49      48
      46      44      43      40      41      43      44      45      45      43
      43      43      43      45      45      43      42      42      42      42
      42      42      42      40      39      40      40      39      38      37
      36      37      37      37      38      37      37      37      37      36
      37      37      37      37      37      37      37      37      37      38
      38      39      41      42      42      40      40      39      41      42
      43      43      39      39      40      42      42      42      45      44
      44      45      45      45      45      44      46      47      48      48
      47      46      45      47      48      49      51      52      53      54
      52
      50      50      48      48      48      49      50      50      50      49
      47      44      40      40      41      42      45      45      45      40
      39      39      40      42      42      42      42      42      42      43
      43      43      42      40      39      39      37      37      37      37
      36      36      36      37      38      38      38      37      37      36
      36      36      37      38      35      35      35      35      36      37
      38      39      40      38      39      41      42      42      42      42
      43      42      40      42      43      43      43      42      44      43
      43      44      45      46      45      47      47      50      50      46
      45      47      47      47      48      48      50      50      50      50
      50
      46      46      46      46      46      47      52      52      50      47
      46      44      42      45      44      44      44      45      44      40
      41      40      40      40      41      42      42      45      45      45
      44      43      41      40      39      34      33      34      34      33
      34      34      34      36      36      37      38      37      34      34
      34      35      36      35      35      36      36      36      36      38
      38      39      37      37      38      40      41      42      43      43
      43      44      43      43      43      44      43      42      42      42
      42      44      46      47      48      49      51      51      51      49
      49      50      49      49      48      48      49      50      49      46
      46
      45      45      45      46      46      46      50      49      47      47
      45      44      49      50      45      41      40      40      41      40
      42      42      40      40      45      45      46      46      46      45
      43      42      41      40      37      35      36      37      37      36
      35      34      34      34      35      36      36      37      34      34
      35      36      36      36      35      40      40      39      38      37
      37      37      37      37      38      39      40      40      40      40
      42      45      45      43      43      44      43      43      46      46
      46      46      46      48      48      49      52      52      50      49
      48      47      45      45      47      48      49      49      49      46
      46
      45      45      45      47      50      52      53      49      45      45
      45      45      46      46      45      43      42      41      45      44
      42      42      41      41      42      44      51      50      49      48
      45      43      41      40      38      37      38      38      38      37
      36      35      35      34      34      34      35      35      34      34
      35      36      37      37      38      44      45      43      39      36
      36      36      37      37      38      39      39      39      39      36
      38      40      42      42      42      43      45      46      48      49
      48      48      48      51      54      54      54      53      51      50
      48      47      46      46      47      48      48      47      47      46
      53
      45      45      45      45      45      46      47      46      45      45
      45      45      45      45      45      46      46      45      46      47
      39      38      44      44      44      44      51      51      47      46
      45      42      41      41      40      38      38      36      37      37
      35      35      35      36      36      36      35      36      37      37
      37      36      37      37      38      41      42      42      37      36
      36      36      37      38      37      36      35      37      38      37
      37      39      40      40      41      42      43      44      47      48
      49      48      48      52      54      55      52      52      51      50
      48      47      47      47      47      48      48      48      49      50
      52
      45      46      46      45      45      45      48      47      46      46
      45      45      45      45      46      46      46      45      45      45
      42      39      44      45      46      48      50      51      48      47
      46      44      42      41      40      39      39      34      34      34
      34      34      35      36      37      37      37      37      38      38
      37      36      35      36      37      38      39      38      37      37
      39      38      38      38      37      39      38      38      38      39
      40      40      40      40      41      42      42      43      45      47
      48      48      48      49      53      54      52      52      54      53
      50      49      48      49      49      48      48      49      49      49
      50
      45      48      48      45      45      45      46      47      47      45
      45      45      46      49      49      48      47      47      47      46
      44      42      43      44      45      46      47      48      48      47
      46      45      41      38      37      38      37      35      35      35
      35      34      35      36      36      37      36      36      37      38
      37      37      35      35      37      38      38      38      39      39
      39      39      38      38      41      41      40      39      38      40
      40      39      39      39      40      41      42      43      45      50
      50      49      49      48      51      53      52      53      56      55
      55      54      54      53      52      50      50      51      50      50
      49
      44      44      45      45      46      46      47      47      47      46
      45      48      49      49      49      48      48      48      47      44
      43      42      42      42      42      41      42      44      44      45
      45      45      43      40      38      38      38      37      36      36
      35      36      37      37      37      35      35      38      38      36
      35      35      35      35      36      37      37      38      40      40
      39      39      38      39      41      42      41      36      37      42
      42      40      39      39      40      41      42      43      44      50
      51      51      50      50      51      54      54      56      57      57
      56      56      56      55      54      52      52      52      51      50
      50
      44      44      47      48      48      48      48      45      45      45
      46      48      49      50      49      45      44      43      41      41
      41      41      41      43      43      41      41      42      43      43
      42      42      42      42      41      40      39      37      36      36
      35      35      36      36      36      35      35      38      38      38
      38      38      39      39      39      38      38      38      39      39
      39      39      39      39      40      40      41      36      36      38
      41      41      40      40      40      41      42      47      49      48
      49      50      51      51      52      55      55      56      57      58
      58      57      57      55      54      52      52      53      53      50
      50
      45      44      46      47      47      47      46      43      43      46
      46      47      48      47      47      46      45      44      41      41
      41      41      41      43      43      42      41      41      42      43
      38      38      40      43      43      39      37      35      33      34
      34      34      35      37      37      37      37      38      39      38
      38      38      40      40      40      40      38      38      38      38
      38      38      38      38      38      39      38      36      36      38
      44      43      42      42      40      39      40      42      45      46
      47      49      48      49      53      54      55      56      57      59
      58      57      55      51      51      51      51      53      53      49
      49
      45      42      42      43      43      44      41      39      40      47
      48      49      49      47      46      45      45      43      42      41
      41      41      41      44      44      40      39      39      40      38
      38      38      40      42      43      41      39      36      35      35
      35      35      37      37      38      38      39      40      40      38
      37      37      38      39      39      39      38      37      37      37
      36      36      37      38      38      39      40      41      44      44
      45      45      44      43      41      38      37      42      43      44
      45      46      47      48      51      53      54      55      56      60
      60      58      56      54      54      54      53      53      53      49
      47
      43      42      42      42      42      42      41      40      45      46
      47      48      47      47      46      45      44      43      42      41
      42      43      44      45      44      38      38      38      38      38
      38      38      39      41      41      41      39      37      36      36
      36      36      37      37      37      38      39      40      40      39
      36      36      36      39      39      39      39      36      36      36
      36      38      38      38      38      39      40      43      44      45
      45      45      45      46      47      45      44      44      43      44
      43      44      46      48      50      53      54      55      56      58
      59      58      56      55      56      56      53      51      51      50
      50
      43      42      42      42      42      42      42      43      44      45
      46      46      46      46      46      46      42      42      42      42
      42      43      43      44      44      40      39      38      38      38
      38      38      40      40      38      38      38      36      36      36
      37      37      37      37      37      38      39      38      38      36
      36      36      40      40      40      39      39      37      36      36
      40      42      43      44      44      43      42      42      41      42
      42      41      42      43      46      46      45      44      44      44
      43      43      44      47      49      51      52      51      51      52
      54      55      55      56      55      55      54      49      50      51
      51
      42      43      43      42      42      42      42      45      45      45
      44      43      43      44      48      47      42      42      42      42
      42      43      42      42      42      41      40      39      39      38
      39      39      40      38      38      37      36      35      35      36
      37      37      37      38      38      38      38      38      36      36
      36      36      42      42      41      39      38      37      38      42
      43      49      50      49      45      44      44      44      46      47
      47      47      45      45      46      46      46      45      44      44
      44      43      43      45      46      48      50      51      48      49
      50      52      54      55      55      55      54      52      56      54
      51
      42      43      43      43      46      45      44      44      44      44
      44      43      43      45      47      48      43      42      42      42
      42      43      42      42      42      42      42      41      40      40
      40      40      40      39      38      38      36      34      34      35
      35      36      38      38      38      38      38      38      37      36
      36      36      41      42      41      40      39      39      40      41
      46      49      46      44      44      44      44      44      45      46
      46      47      46      44      44      44      44      44      43      37
      35      37      39      41      43      46      48      49      46      47
      48      49      51      53      54      55      56      58      60      59
      54
      42      42      43      44      45      46      41      41      42      43
      43      43      43      44      46      44      43      45      44      43
      42      42      42      42      44      44      43      42      41      41
      41      40      40      36      36      36      36      34      34      35
      37      38      39      39      40      39      39      39      37      36
      36      36      39      40      41      40      39      39      40      40
      41      42      42      42      42      43      43      44      44      44
      45      47      47      45      44      44      44      44      44      40
      38      39      40      41      43      45      45      46      46      46
      44      46      49      51      53      54      52      53      53      51
      51
      45      44      44      44      44      42      41      41      42      42
      43      42      42      43      44      44      44      45      42      42
      42      41      41      43      44      44      43      42      42      42
      40      37      35      35      35      35      36      35      34      35
      37      38      39      39      40      40      40      37      36      36
      36      37      41      41      37      36      38      39      40      40
      39      37      37      38      39      41      43      44      49      53
      54      52      50      48      47      46      45      45      44      43
      42      40      39      40      43      46      46      48      51      51
      50      49      49      49      50      51      51      51      47      47
      48
      46      46      46      45      41      41      41      43      43      41
      38      39      40      41      44      45      45      42      42      41
      39      39      40      42      42      38      38      38      38      36
      36      36      35      35      35      35      35      35      35      35
      36      37      37      38      39      40      38      37      38      38
      38      38      38      37      36      35      37      42      43      42
      41      39      38      37      41      42      43      44      47      49
      50      50      50      49      48      47      45      45      44      45
      45      44      45      49      48      48      48      49      50      51
      52      53      53      54      53      49      49      49      47      46
      46
      47      47      47      47      41      40      40      43      48      46
      43      41      41      43      44      44      45      41      41      41
      40      37      38      39      40      38      37      36      34      34
      37      37      37      36      36      35      36      36      36      34
      33      34      38      39      39      39      38      38      38      39
      39      39      39      39      39      41      42      43      43      41
      41      40      39      39      40      41      41      43      47      48
      48      49      49      49      49      48      47      46      45      45
      47      46      46      49      49      47      47      48      49      50
      51      52      51      51      50      44      44      44      44      44
      44
      47      42      41      41      41      40      40      41      43      45
      44      43      42      42      42      43      39      40      41      38
      35      34      35      37      38      38      37      36      35      38
      40      40      39      38      37      36      37      38      37      36
      34      36      37      38      39      38      38      38      38      40
      40      40      40      40      40      40      41      42      42      41
      41      41      40      40      41      42      43      47      47      46
      47      48      49      50      53      52      50      50      50      50
      51      51      49      48      46      47      50      51      51      51
      51      52      49      46      44      43      43      43      43      43
      45
      43      42      41      41      41      44      44      43      41      40
      42      43      42      40      38      37      37      38      41      40
      37      35      35      36      37      38      37      38      39      39
      40      40      40      39      37      37      37      38      39      38
      37      36      36      37      38      38      38      38      38      44
      43      42      41      42      42      40      40      43      43      41
      41      41      41      41      44      45      44      43      43      43
      48      51      52      53      54      53      52      53      54      53
      50      45      44      45      45      46      49      50      48      47
      48      48      48      48      47      43      43      43      43      46
      50
      41      41      41      41      41      43      44      44      43      41
      42      44      45      44      44      45      42      40      39      39
      38      37      37      37      39      39      38      38      39      39
      37      37      38      38      38      38      37      38      42      43
      42      37      35      35      40      40      40      43      45      46
      47      43      42      41      40      40      40      43      45      42
      41      41      42      42      43      42      42      42      43      45
      47      51      52      52      53      51      51      52      54      54
      49      43      43      46      46      47      49      50      49      45
      45      44      44      45      45      45      45      44      44      45
      47
      40      42      42      41      41      42      42      41      40      40
      41      41      42      42      42      43      42      41      40      40
      40      40      40      40      40      39      38      38      38      38
      38      37      40      40      40      39      38      38      39      40
      40      38      37      37      40      41      40      40      41      43
      45      44      43      42      40      40      40      43      44      43
      43      42      42      45      44      42      42      42      42      44
      49      50      51      51      53      54      55      55      54      51
      46      45      45      46      47      47      47      48      48      42
      41      44      49      48      46      46      47      46      46      45
      46
      39      42      42      42      42      42      42      41      41      39
      39      39      40      41      39      39      40      40      40      41
      41      41      41      41      40      39      38      42      43      42
      41      39      40      41      40      39      39      39      38      38
      39      39      38      38      39      40      41      41      41      42
      43      43      44      44      42      41      41      46      47      46
      45      44      47      48      47      45      44      44      44      47
      48      49      50      51      52      53      54      54      49      48
      47      46      46      46      47      46      44      45      46      44
      43      46      48      48      48      48      48      48      49      48
      48
      41      42      42      39      40      40      40      39      39      38
      38      38      39      38      38      38      38      38      39      39
      39      40      41      41      40      40      41      42      47      48
      44      43      42      41      40      40      41      41      41      40
      40      39      39      40      40      40      42      43      43      43
      43      43      46      46      45      43      42      44      47      48
      47      46      46      47      44      40      41      45      45      46
      47      48      48      51      52      53      52      51      50      49
      49      48      46      45      41      41      40      41      42      43
      44      45      46      47      48      49      49      49      50      50
      50
      43      41      39      38      38      38      39      37      37      37
      37      37      38      38      38      38      39      39      38      38
      38      40      41      41      41      41      41      42      44      45
      44      45      44      43      42      42      43      44      44      44
      44      43      42      41      41      41      44      46      46      46
      45      45      46      47      46      44      43      45      46      49
      49      46      46      43      41      40      40      42      44      45
      46      48      50      51      52      53      52      51      50      51
      52      51      46      44      42      44      44      44      44      44
      44      44      44      46      47      48      48      48      49      49
      50
      42      42      41      40      43      44      38      37      37      37
      37      37      38      38      38      38      39      39      40      39
      39      40      40      41      42      42      42      44      44      45
      45      46      46      46      47      48      48      48      47      49
      50      48      42      40      40      40      41      45      46      46
      46      46      46      46      46      46      47      48      48      49
      50      52      53      47      42      41      42      43      44      46
      46      47      49      50      51      51      51      50      50      50
      51      51      49      47      46      47      47      46      49      47
      46      46      47      47      47      48      48      48      48      48
      49
      44      44      43      42      40      40      39      37      37      37
      37      38      38      37      37      38      37      38      38      36
      35      36      37      42      43      43      43      44      44      44
      45      46      47      47      49      50      51      52      48      48
      49      49      46      42      41      41      41      44      45      45
      46      46      46      46      46      46      47      48      49      49
      50      50      48      47      44      43      46      45      45      46
      46      46      45      44      46      48      49      46      46      47
      48      50      52      53      53      56      60      56      54      52
      49      48      48      48      48      48      48      48      52      52
      52
      43      44      44      42      40      40      39      38      37      37
      37      38      38      37      37      36      36      36      36      36
      39      40      40      41      42      43      43      43      43      44
      45      45      45      46      48      49      49      48      48      47
      46      45      44      43      42      42      42      43      44      45
      45      46      47      47      46      46      47      49      49      50
      50      49      48      47      52      53      48      46      44      44
      44      43      43      43      44      46      46      45      45      45
      45      48      53      53      52      53      55      55      55      54
      50      49      49      49      48      48      48      51      52      52
      52
      41      41      40      40      40      40      39      38      39      40
      39      38      38      38      38      37      36      37      38      38
      39      40      40      40      41      41      41      42      43      44
      44      44      45      46      47      48      49      49      48      48
      47      46      45      46      48      48      48      47      45      42
      43      45      49      48      48      48      48      49      50      50
      50      50      49      49      48      44      44      44      44      44
      44      43      43      43      43      44      44      45      45      46
      48      50      53      54      50      51      52      53      50      50
      50      50      50      49      49      49      50      51      51      48
      48
      42      42      40      40      40      40      39      39      39      42
      41      38      38      38      38      38      38      39      39      39
      39      41      41      43      43      43      43      42      42      43
      43      44      47      47      52      54      53      52      51      50
      49      48      48      49      49      49      49      50      50      48
      47      47      49      50      51      50      50      48      48      49
      52      52      51      50      49      47      45      45      45      45
      45      44      43      43      43      43      44      46      46      46
      47      51      52      49      49      49      49      47      45      45
      46      46      46      47      50      52      52      51      49      48
      48
      42      42      41      41      41      40      40      40      42      43
      42      39      38      38      38      38      38      39      39      42
      43      43      43      45      45      45      44      43      45      47
      47      47      50      52      54      57      60      61      56      54
      52      51      50      49      49      48      45      48      52      51
      50      49      49      50      51      51      50      48      49      50
      54      54      53      53      53      51      49      47      47      46
      45      44      43      43      43      42      43      49      51      51
      50      50      48      47      47      47      45      45      45      45
      45      45      46      46      50      52      52      51      50      50
      49
      44      43      43      42      41      40      40      40      41      43
      43      41      38      38      38      38      38      39      40      41
      42      43      44      45      46      46      46      48      49      49
      49      48      49      50      51      53      58      61      59      57
      56      59      57      54      52      50      48      48      50      51
      51      51      51      51      51      52      51      50      50      53
      54      54      54      54      54      53      51      50      47      44
      44      45      44      45      45      46      47      48      50      52
      52      46      46      45      45      45      47      50      50      50
      53      51      46      46      47      53      53      52      52      50
      46
      43      43      43      40      40      40      40      41      42      43
      46      44      38      38      38      38      38      41      46      47
      46      45      45      45      47      48      49      50      51      51
      50      50      49      55      56      58      64      64      63      63
      65      64      63      60      59      58      56      54      53      52
      51      52      52      51      51      51      49      53      52      52
      52      54      56      56      55      54      53      51      48      44
      44      44      47      47      47      46      47      46      47      49
      49      47      46      46      45      45      45      50      51      51
      52      52      48      47      47      53      55      54      53      52
      49
      41      42      42      41      41      41      41      44      54      56
      54      49      45      42      41      40      39      40      43      45
      46      46      49      51      50      51      51      51      51      52
      52      52      55      58      59      61      63      64      61      59
      59      61      62      61      60      62      61      59      57      56
      56      55      54      53      52      55      55      55      54      51
      51      54      56      56      56      55      49      49      48      46
      44      44      47      48      48      48      48      45      45      46
      47      47      48      50      50      49      48      49      47      46
      46      46      46      47      48      52      56      56      55      54
      54
      41      40      40      45      47      45      45      58      61      65
      81      69      50      47      44      40      39      39      42      44
      47      45      45      47      49      51      52      52      52      56
      56      56      56      57      57      59      62      63      65      64
      70      82      82      78      74      71      69      67      64      62
      65      63      60      59      58      58      57      56      55      53
      54      55      56      55      51      49      48      48      48      47
      45      52      51      50      50      51      52      48      46      46
      46      46      47      49      51      52      48      46      46      46
      46      47      49      50      51      53      55      56      54      54
      55
      42      41      40      42      42      43      48      57      59      67
      73      72      53      46      43      41      40      41      43      46
      47      46      45      45      46      54      56      58      59      59
      60      61      62      66      68      70      73      75      78      88
      93     101     109     101      94      86      79      72      69      67
      71      69      65      63      63      62      61      59      57      56
      55      55      56      55      54      52      51      49      49      48
      48      53      53      47      46      48      49      48      48      46
      46      44      45      48      49      48      46      46      46      46
      46      46      48      53      53      53      53      53      53      54
      55
      44      43      41      41      42      47      48      55      65      66
      50      46      45      45      44      41      41      41      42      51
      51      50      55      57      54      51      53      57      58      60
      60      61      62      64      66      70      72      74      87     100
     104     105     111     112     110     100      89      83      82      84
      84      84      86      85      80      78      73      68      64      62
      59      57      56      58      57      56      54      53      54      55
      56      59      58      48      46      46      48      50      49      46
      43      41      42      48      49      46      46      46      46      49
      51      52      52      53      53      56      57      58      60      67
      61
      44      44      43      42      43      47      52      55      56      48
      43      42      42      41      41      41      41      43      50      52
      53      53      52      50      51      53      55      56      57      60
      63      63      62      63      67      74      78      79      91      99
     110     130     143     141     140     127     115     111     124     128
     128     131     126     118     108     100      95      86      78      73
      64      61      59      59      59      59      58      57      55      55
      55      58      58      50      47      46      47      50      50      48
      47      45      45      46      46      46      47      47      46      47
      48      51      52      52      53      56      57      55      57      57
      50
      44      44      43      43      45      48      54      55      54      47
      45      43      43      42      42      43      46      46      48      50
      52      54      53      45      46      52      54      57      60      63
      63      59      54      57      66      71      81      88      94      99
     104     135     162     186     218     221     196     176     176     180
     170     144     125     120     113     103      97      90      86      82
      72      68      64      60      59      59      57      55      54      54
      59      59      58      55      52      50      50      50      50      47
      47      46      46      45      45      45      47      47      45      44
      44      46      47      46      48      49      46      47      56      61
      58
      44      44      43      42      43      47      52      55      55      51
      47      45      45      44      44      47      47      47      47      46
      48      50      50      47      46      48      50      53      59      61
      62      63      60      60      68      70      74      78      81      84
      93     125     158     221     284     316     315     282     246     220
     183     142     136     135     135     126     119     112     105     101
      93      74      65      61      59      56      53      50      51      58
      59      59      58      58      57      55      53      52      51      47
      47      47      47      43      43      44      47      47      46      45
      45      49      51      53      53      53      51      50      51      51
      52
      44      47      46      41      42      48      51      53      54      50
      48      47      46      48      50      50      49      49      48      44
      45      49      50      49      50      54      54      55      58      60
      61      71      78      72      67      66      68      73      76      79
      83     101     160     230     311     376     395     386     329     245
     190     176     188     208     216     203     194     193     179     159
     135      94      76      69      63      61      60      59      58      59
      60      60      59      58      58      56      55      54      50      47
      47      48      48      43      43      48      48      48      47      47
      49      52      53      54      55      56      55      50      50      49
      48
      49      50      49      46      46      47      49      50      52      51
      50      49      48      49      50      50      49      45      43      43
      45      48      52      52      53      56      54      52      56      58
      59      63      66      67      67      63      75      79      80      80
      91     113     145     195     264     355     456     468     334     228
     230     260     281     294     268     261     261     251     238     208
     164     112      83      69      65      63      62      62      62      62
      62      58      55      56      56      55      55      53      51      50
      49      46      45      44      44      48      52      51      50      49
      50      51      53      55      55      56      52      50      50      50
      47
      48      49      47      46      46      45      46      47      49      50
      50      50      50      50      48      47      46      45      44      43
      48      49      51      51      52      54      53      52      55      56
      58      60      62      64      63      64      73      77      80      91
     104     119     137     165     230     348     480     452     327     295
     345     352     339     324     284     280     279     257     240     201
     161     121      82      71      67      64      63      66      66      65
      62      54      54      55      55      56      61      59      57      53
      49      46      45      46      51      51      54      53      50      50
      50      50      51      54      54      51      50      50      50      50
      49
      51      50      46      46      50      52      53      54      55      53
      51      50      51      50      49      47      46      45      45      46
      47      48      49      51      64      66      59      56      55      54
      55      57      58      60      61      62      66      70      78      92
      98     113     144     173     226     335     414     368     353     426
     509     474     394     345     310     282     270     251     231     205
     156     109      81      69      66      65      64      65      65      65
      58      54      54      54      55      56      66      66      63      53
      48      47      51      54      53      52      56      55      52      51
      50      50      52      54      54      52      50      50      50      52
      52
      47      47      46      47      49      51      52      53      54      52
      51      51      51      50      50      49      48      47      47      48
      49      49      49      50      58      61      55      53      52      52
      52      54      56      59      65      66      69      77      81      95
      97     107     160     223     282     323     324     309     367     511
     612     587     495     412     357     313     274     254     222     174
     131      95      83      75      67      66      65      65      61      61
      59      57      55      56      56      56      61      63      57      53
      51      49      51      53      53      53      55      55      56      54
      54      58      59      58      57      55      53      51      51      52
      54
      46      46      46      46      50      50      51      53      53      52
      51      51      51      50      49      49      49      48      48      48
      51      51      51      51      55      57      49      50      52      52
      52      53      59      62      62      63      66      71      88      97
     111     124     177     262     356     402     344     331     464     608
     709     671     545     446     389     338     299     266     235     182
     129      95      78      70      68      66      63      60      60      60
      60      54      53      58      62      63      64      67      66      59
      54      50      49      50      50      51      53      54      55      53
      53      55      56      57      59      58      56      58      59      57
      54
      46      46      46      55      54      54      53      53      53      53
      50      50      50      50      49      49      51      50      50      50
      51      53      53      54      56      56      53      52      52      54
      57      58      59      60      60      61      67      73      79      86
     103     122     165     262     376     449     415     390     529     674
     770     745     637     541     463     376     318     291     235     165
     132     103      81      69      60      58      58      59      60      60
      59      57      55      57      63      64      63      62      66      71
      65      56      52      49      49      50      51      53      54      51
      51      52      53      54      55      56      57      60      60      57
      54
      48      49      54      55      55      55      54      54      54      53
      47      47      48      50      52      52      52      52      51      52
      52      53      54      54      55      55      54      53      53      59
      59      60      60      61      63      64      67      70      75      84
     108     121     163     255     396     481     467     445     518     690
     787     819     725     605     501     395     320     263     207     163
     124      91      82      77      67      60      59      59      60      59
      59      57      56      56      62      64      65      76      78      79
      74      63      54      49      51      55      54      54      51      51
      51      51      52      52      52      52      54      57      58      58
      54
      48      49      53      54      54      50      51      53      54      52
      45      43      44      47      51      52      51      50      50      52
      53      54      55      54      54      54      54      57      58      59
      59      61      61      60      61      62      64      66      70      78
     100     109     146     239     381     501     512     487     474     587
     751     818     743     597     475     380     296     236     192     156
     115      81      71      65      63      61      58      58      59      60
      60      60      60      61      62      64      75      76      77      76
      69      65      65      62      59      57      55      53      52      54
      55      56      56      55      50      48      50      52      54      50
      51
      49      51      52      53      48      45      46      53      54      49
      46      44      43      51      54      53      52      51      51      52
      53      54      55      53      53      54      55      57      58      55
      56      66      65      61      60      62      66      67      68      77
      90      99     122     198     303     445     540     545     523     571
     683     744     691     551     466     376     297     238     177     142
     124     109      89      67      55      56      56      57      58      63
      64      64      63      63      62      63      83      84      82      88
      91      82      70      66      62      55      52      52      54      55
      55      56      55      53      48      46      50      51      49      49
      52
      49      50      51      52      53      52      51      56      55      54
      54      52      52      53      54      54      54      54      55      55
      55      53      50      50      51      54      55      56      56      55
      55      59      58      57      58      62      69      69      66      64
      73      94     114     154     243     400     546     578     556     589
     689     723     661     537     472     438     372     303     241     179
     155     139     110      73      54      54      56      60      60      62
      69      71      68      66      64      64      83      91      88      83
      84      83      77      73      69      64      60      57      56      57
      57      57      56      55      52      49      49      49      49      51
      53
      54      53      49      50      56      57      58      58      54      54
      54      53      53      53      53      54      55      55      55      56
      53      51      50      51      55      56      56      57      57      57
      54      54      55      55      56      66      69      69      69      71
      73      82     101     142     200     313     441     526     549     688
     820     829     670     492     464     524     543     471     367     259
     197     165     139      98      66      61      61      63      66      67
      68      70      71      75      85      81      81      84      82      81
      82      87      85      81      80      76      69      65      63      61
      59      59      58      54      48      48      50      50      49      50
      52
      56      48      48      55      59      59      59      57      54      54
      53      53      52      52      53      54      54      55      55      53
      52      51      51      51      53      55      56      57      59      59
      58      57      56      55      56      59      63      66      68      70
      71      75      87     119     155     231     357     472     560     730
     891     889     655     451     384     447     551     557     489     364
     247     172     152     140     105      81      75      71      66      66
      66      67      70      78      93     101      97      85      70      68
      71      77      80      82      81      76      73      71      68      61
      59      59      57      55      45      46      48      49      50      51
      56
      54      51      49      52      54      56      55      55      54      55
      51      49      50      50      52      53      54      54      52      52
      53      53      53      56      57      58      58      57      58      58
      55      55      57      58      59      65      68      68      68      67
      68      70      78      97     127     171     266     380     523     734
     874     868     694     503     365     325     391     473     494     411
     272     190     158     175     143      80      68      69      64      59
      60      61      63      69      77      90      97      93      77      73
      72      73      75      78      79      78      76      63      64      64
      64      62      59      55      51      49      49      54      53      53
      53
      57      54      53      52      53      53      53      53      53      54
      53      52      51      51      51      52      52      52      52      52
      54      55      55      56      57      58      58      57      56      56
      55      55      59      59      59      63      68      69      68      67
      67      68      72      77      89     117     187     319     535     693
     793     898     863     660     445     316     297     352     422     432
     322     211     156     163     154      92      65      63      62      60
      59      60      63      64      59      70      79      84      82      75
      70      71      74      76      77      72      64      60      61      67
      67      66      64      56      54      53      52      56      55      55
      54
      60      58      55      53      53      53      53      53      53      53
      55      56      55      54      53      52      51      51      52      54
      57      58      59      58      57      59      59      58      53      54
      61      60      60      58      52      56      70      70      69      68
      68      68      70      73      77      85     122     206     383     507
     637     881     995     791     499     359     312     292     335     394
     354     223     156     155     131      84      69      64      61      57
      54      56      65      71      67      66      70      72      73      71
      60      59      62      69      71      67      64      62      65      66
      67      64      59      57      55      55      55      56      56      55
      55
      63      62      56      55      58      59      59      57      55      55
      56      56      56      56      51      49      49      53      53      54
      56      56      57      57      58      58      59      58      52      52
      63      62      59      57      54      59      67      69      69      69
      69      68      69      69      71      87     106     130     200     305
     426     629     849     789     531     367     314     305     332     388
     364     254     163     145     122      91      78      73      69      65
      61      60      62      65      65      66      66      66      62      61
      60      60      61      67      68      65      64      63      64      65
      66      65      63      60      58      57      55      55      55      55
      55
      63      62      59      59      59      58      58      57      57      56
      56      57      56      56      54      54      53      56      60      62
      58      52      53      56      57      57      57      55      53      58
      60      61      61      62      63      63      65      69      70      72
      71      72      72      71      70      75      87     104     129     165
     227     339     539     664     532     360     298     299     322     362
     348     252     159     138     107      91      82      77      74      69
      66      64      62      63      64      64      63      63      62      62
      65      71      72      72      71      66      61      61      59      58
      60      61      61      60      59      58      56      56      55      55
      55
      58      58      60      60      57      57      57      57      57      57
      57      56      55      55      55      55      51      51      57      59
      59      56      54      55      55      53      54      56      61      62
      56      55      57      59      60      62      64      68      69      79
      79      78      77      75      78      77      77      83      95     112
     137     176     255     379     402     315     244     210     229     267
     273     228     144     112     103      87      84      82      79      70
      68      65      62      62      63      64      64      64      64      63
      64      68      71      73      74      71      62      57      54      55
      58      60      61      61      61      60      59      57      56      56
      56
      58      59      60      61      55      54      54      55      57      59
      57      56      53      53      53      51      51      54      56      57
      56      57      59      58      57      52      51      54      57      59
      58      58      63      62      62      63      68      69      70      74
      79      81      82      82      82      81      80      81      85      95
     108     114     125     163     193     192     158     133     140     163
     176     174     131      95      81      76      78      86      84      74
      71      68      66      68      69      68      67      65      64      63
      62      64      67      72      81      80      74      68      65      84
      80      68      65      70      72      68      60      56      54      55
      59
      60      59      59      58      56      51      52      54      62      64
      56      54      53      51      51      51      53      54      55      55
      55      56      60      60      56      54      53      56      60      61
      63      65      65      64      63      61      67      68      69      70
      77      79      81      81      81      81      79      79      81      85
      87      89      88      93     101     104     107     109     110     116
     115     109      99      74      69      72      85      87      86      75
      65      64      64      65      66      67      66      63      63      64
      65      66      68      73      76      76      75      72      72      70
      69      70      72      72      66      64      62      59      57      57
      66
      60      60      59      53      50      50      50      54      58      61
      58      56      54      53      52      56      56      56      55      55
      55      55      53      51      52      57      58      59      60      60
      61      65      67      70      72      73      73      74      72      72
      74      76      78      76      76      76      74      75      76      78
      80      74      75      79      85      88      86      87      89      90
      84      84      87      82      71      71      81      84      81      76
      67      65      64      64      64      63      65      65      65      65
      65      65      67      69      78      85      78      66      57      57
      59      62      65      67      67      66      65      63      57      56
      58
      59      59      59      57      55      53      57      61      60      60
      58      56      54      53      53      56      57      56      56      55
      55      56      58      57      55      56      57      58      58      59
      59      61      64      67      70      72      72      73      73      73
      74      75      75      75      75      73      71      72      72      74
      74      74      74      77      80      83      80      81      82      82
      82      73      74      74      68      69      76      78      78      70
      68      64      61      62      66      67      67      68      67      66
      66      68      69      71      81      86      76      67      59      58
      58      59      60      62      65      69      68      55      54      54
      55
      58      63      62      60      58      59      60      62      62      61
      60      59      57      55      55      56      57      58      64      63
      62      62      59      52      53      54      55      57      58      59
      60      65      66      67      69      70      71      72      72      73
      73      74      75      74      71      69      70      71      72      72
      73      73      74      75      75      76      77      78      80      78
      73      70      71      72      70      70      73      75      72      70
      69      67      65      67      67      68      70      70      69      68
      67      67      68      68      64      64      64      61      60      60
      61      61      61      61      63      64      63      58      56      56
      56
      56      64      64      62      60      60      60      63      63      62
      62      60      59      58      57      57      57      59      64      64
      63      53      48      47      49      58      58      58      59      60
      63      64      65      66      71      73      73      69      69      70
      70      73      79      80      77      75      74      73      72      72
      72      73      73      73      73      74      75      78      83      83
      79      76      74      74      75      76      75      73      70      70
      69      67      66      71      72      72      72      69      66      66
      66      65      65      64      64      63      62      61      61      66
      66      64      62      61      63      63      63      60      58      58
      57
      61      63      63      62      63      65      69      67      64      63
      62      61      61      60      59      63      65      64      64      56
      54      53      51      51      57      59      59      59      59      59
      62      64      65      66      68      74      71      68      68      70
      71      72      72      74      75      77      78      76      73      72
      72      72      72      72      72      74      78      79      81      82
      80      79      76      74      74      76      76      75      70      67
      67      67      68      70      71      75      78      75      66      66
      66      65      65      64      64      64      63      62      62      63
      66      66      65      64      64      64      63      61      58      57
      57
      61      62      62      61      61      66      71      71      64      63
      58      59      61      61      61      62      62      60      55      53
      53      56      55      55      56      59      61      63      66      66
      66      66      65      65      68      71      66      66      67      69
      70      71      69      69      71      73      72      70      68      69
      71      72      71      69      70      76      77      73      73      74
      74      72      72      72      71      68      68      67      67      66
      66      66      67      69      76      82      81      78      67      66
      71      72      70      68      68      67      66      62      59      60
      72      72      72      72      70      68      66      60      56      56
      63
      62      63      63      62      62      64      67      68      65      62
      59      58      59      60      60      58      54      52      51      51
      53      58      58      58      58      59      60      66      67      67
      67      66      64      63      64      65      65      67      69      73
      72      71      69      68      69      71      71      71      65      69
      70      71      70      66      65      68      70      70      70      69
      67      67      68      67      66      66      67      67      67      67
      66      66      65      72      83      83      77      70      68      67
      69      72      72      71      71      70      70      67      65      71
      72      73      72      67      67      66      64      56      56      56
      58
      61      62      63      63      63      63      64      63      63      64
      64      62      62      61      61      61      56      54      52      54
      55      59      62      64      63      62      63      65      66      67
      69      69      67      66      65      64      64      66      67      75
      74      72      67      67      66      64      66      67      66      66
      67      68      68      65      63      66      69      70      70      69
      68      67      67      67      65      65      67      71      70      68
      67      69      70      78      81      81      77      71      69      69
      73      73      73      73      73      72      68      65      65      69
      71      71      72      74      71      67      63      56      55      55
      56
      60      63      63      63      63      63      62      61      62      63
      64      64      64      63      62      61      59      57      57      56
      56      57      67      67      65      63      63      64      65      66
      69      74      72      70      64      61      59      60      68      74
      75      68      66      66      66      65      66      69      67      63
      64      65      66      61      61      67      68      69      72      72
      69      68      70      69      69      70      69      70      69      68
      69      69      68      75      85      85      80      73      71      70
      71      65      65      67      68      69      68      61      61      64
      65      66      67      69      70      64      56      55      55      55
      55
      60      64      64      63      63      64      63      62      62      62
      63      64      64      64      64      62      61      61      61      61
      62      63      65      66      65      63      63      63      64      65
      68      74      74      73      70      69      67      66      67      71
      73      69      63      62      65      66      66      67      67      66
      66      66      66      65      65      66      68      69      72      73
      69      73      72      70      71      74      71      70      70      70
      70      70      74      75      77      77      70      69      68      68
      66      65      61      61      63      65      66      64      64      64
      65      65      59      59      59      59      57      56      55      55
      55
      63      64      64      64      62      61      61      61      61      62
      62      66      66      65      64      66      65      64      64      63
      63      61      58      59      61      62      63      63      64      65
      66      69      71      71      72      73      70      69      69      70
      69      69      66      64      64      64      63      64      66      67
      67      67      67      66      67      68      74      74      74      73
      72      73      73      71      71      73      72      72      76      75
      72      71      76      70      68      73      71      66      69      69
      67      65      64      65      68      67      66      65      69      68
      63      62      60      60      61      61      61      64      63      61
      61
      62      63      67      66      64      62      61      61      61      65
      66      67      65      65      67      68      69      70      65      64
      63      65      64      63      64      67      69      69      69      68
      68      68      69      68      68      69      69      71      71      70
      68      68      67      64      62      61      61      66      67      68
      68      68      68      69      73      73      74      72      70      71
      72      73      75      74      73      72      73      73      75      75
      72      70      68      64      65      70      71      70      70      70
      68      66      65      67      69      69      68      68      73      71
      66      64      65      67      66      63      56      56      58      59
      61
      70      68      65      65      64      63      68      69      67      67
      66      66      59      61      64      65      64      65      65      64
      64      69      68      64      64      68      69      70      70      70
      70      70      69      66      64      64      66      72      73      72
      67      67      67      69      69      69      70      69      67      67
      68      69      71      76      73      71      72      76      77      75
      73      69      71      74      74      74      72      70      70      71
      72      72      69      67      69      70      70      70      70      70
      69      68      67      67      68      69      69      61      61      61
      62      63      64      63      63      60      60      60      59      61
      64
      66      66      65      65      64      64      66      69      69      68
      67      64      62      66      66      65      64      64      68      70
      70      70      70      64      62      67      68      67      68      70
      71      68      62      63      63      64      69      70      68      66
      66      67      72      72      72      72      72      74      73      71
      69      66      66      69      77      75      70      75      76      76
      75      69      69      74      75      72      71      70      65      66
      74      78      72      71      73      73      66      65      67      68
      68      66      66      66      68      69      67      61      60      60
      60      59      60      60      60      59      59      59      59      60
      61
      53      56      64      66      67      68      69      71      71      70
      68      67      66      66      66      66      65      65      70      70
      68      67      67      65      63      67      68      68      68      69
      71      70      70      69      67      69      69      70      69      65
      65      70      71      73      74      74      74      74      75      76
      76      70      67      67      70      79      78      77      75      69
      68      68      75      75      75      72      71      74      78      79
      76      70      68      67      69      70      69      68      67      65
      65      65      65      65      67      68      65      63      62      61
      61      60      60      60      60      58      57      57      55      55
      59
      53      56      59      62      64      66      63      64      66      67
      67      68      68      67      69      68      67      68      69      70
      69      68      67      66      65      66      67      68      64      66
      69      71      76      75      72      70      67      65      64      63
      63      64      70      72      73      74      73      73      74      75
      75      70      68      69      78      79      79      79      74      72
      75      78      84      84      83      82      79      78      78      78
      75      73      73      72      71      71      73      74      72      69
      68      66      63      64      67      68      66      65      64      63
      62      61      61      61      60      58      57      56      55      58
      66
      53      62      64      65      65      60      60      61      62      65
      75      73      71      67      65      66      67      68      69      70
      67      65      62      61      61      63      66      67      62      63
      67      70      75      76      75      73      69      67      66      64
      64      67      69      71      69      70      73      74      74      74
      68      68      72      73      75      75      73      75      76      77
      77      81      86      86      90      94      94      84      79      78
      76      76      78      76      75      71      70      71      71      70
      69      68      66      65      66      66      67      65      63      63
      63      63      63      62      61      59      58      57      57      57
      60
      57      59      61      64      65      63      63      64      66      66
      70      72      72      72      70      69      67      67      69      73
      71      69      66      63      60      63      67      65      61      60
      62      65      72      74      74      74      72      70      66      63
      62      66      69      69      68      68      69      70      71      73
      72      71      72      72      70      68      69      71      75      80
      82      87      87      79      89      91      90      87      80      77
      77      79      79      77      74      69      69      69      70      68
      67      67      65      62      62      62      60      58      59      61
      63      64      64      62      61      60      59      59      59      59
      59
      60      56      57      62      64      65      72      75      72      70
      70      71      73      79      80      71      64      64      69      71
      72      71      71      68      68      73      73      70      60      57
      59      68      70      72      72      72      72      72      68      65
      66      71      71      70      69      68      68      69      75      76
      80      83      80      78      75      72      70      70      72      80
      91      90      84      82      87      89      93      83      77      77
      78      79      79      72      72      70      69      70      70      70
      71      72      70      64      63      64      64      64      64      64
      65      66      65      63      62      60      59      59      59      59
      59
      58      57      63      63      64      65      67      68      68      67
      68      69      74      76      74      72      67      66      68      69
      71      70      70      63      65      73      76      72      56      56
      63      65      67      69      70      71      65      64      65      64
      64      71      71      69      68      68      68      68      77      79
      83      87      85      83      79      77      76      75      79      87
      98      96      93      90      84      80      84      81      75      75
      76      78      74      73      72      71      72      72      71      68
      68      68      68      65      64      65      67      67      67      66
      64      63      63      61      61      60      60      60      62      61
      61
      61      60      64      64      64      62      63      65      66      76
      75      74      74      73      72      68      67      67      65      63
      64      65      63      60      61      68      69      61      59      59
      63      66      69      71      71      66      65      65      68      67
      67      71      71      70      69      69      70      72      74      73
      76      80      81      78      78      80      84      91      96     107
     110     108     106     104      92      87      88      86      77      74
      75      76      76      75      75      78      76      71      69      67
      66      66      66      65      65      68      68      68      68      67
      66      65      65      62      61      64      68      63      62      63
      63
      65      64      64      64      68      74      72      70      69      79
      78      77      75      73      71      68      61      62      63      63
      63      67      66      59      64      68      69      63      61      63
      66      66      66      66      66      66      68      72      71      69
      68      71      72      71      70      68      69      70      77      76
      76      78      78      78      90      98      99      99      99     102
     112     113     109     107     101      96      93      90      75      74
      78      78      78      77      78      82      80      76      73      69
      67      65      64      62      63      65      67      68      68      67
      64      64      65      64      62      64      66      64      63      68
      67
      67      67      67      66      70      76      76      76      79      80
      79      78      77      75      73      71      67      66      65      64
      64      64      58      53      55      59      61      63      65      65
      68      68      67      67      66      72      72      72      72      74
      73      73      71      68      68      68      68      77      78      78
      77      83      84      87      91      93      94      96     101     114
     121     120     107     101     101     100      98      88      79      77
      78      79      75      75      77      79      76      74      74      74
      72      70      67      60      57      61      67      68      69      68
      60      60      66      67      67      66      64      64      67      71
      70
      69      70      71      73      76      76      77      79      84      83
      79      78      77      76      75      72      70      69      68      70
      68      65      62      60      59      59      60      62      67      68
      68      67      67      70      71      72      72      72      70      71
      72      72      71      71      70      76      77      77      78      79
      80      82      87      87      91      92      95     101     105     109
     120     118     106      99      99     100      98      94      91      78
      78      81      78      77      77      78      74      74      74      78
      78      76      74      69      69      68      68      68      67      66
      63      62      66      67      68      67      65      66      69      70
      70
      69      70      70      72      76      77      79      83      87      87
      79      76      75      74      74      73      72      71      72      74
      72      69      67      66      64      63      63      63      65      67
      68      68      68      69      72      75      77      76      74      73
      73      72      72      73      74      76      78      80      81      81
      81      86      87      88      96      95      95      97      99     102
     107     105     101      98     103     103     101      98      90      79
      77      78      77      77      78      71      72      74      75      76
      76      76      73      70      69      69      70      70      68      68
      67      67      70      69      65      60      61      65      67      68
      69
      68      69      70      73      76      75      72      75      78      81
      80      78      76      75      75      74      73      72      81      83
      78      69      68      68      63      63      65      65      65      66
      68      69      67      65      67      70      75      77      76      75
      74      74      73      73      74      76      78      80      83      84
      85      91      94      94      98     100      99      98      99     100
     103     107     111     116     113     110     107     103      96      87
      81      79      78      76      74      71      71      73      74      74
      70      69      69      69      69      70      70      69      69      70
      71      71      71      70      61      54      56      63      65      66
      68
      67      64      64      67      67      66      67      69      71      72
      76      80      80      81      81      80      79      80      81      78
      78      75      73      72      69      67      67      67      67      66
      69      73      71      70      74      78      78      78      78      77
      78      80      79      77      76      75      76      80      82      84
      86      96      96      96      95      97     102     112     107     102
      98     101     107     119     117     115     112     109     109     102
      88      84      82      79      71      71      72      73      74      65
      63      64      65      66      66      67      69      69      69      69
      73      74      73      72      69      67      62      61      62      69
      69
      70      67      68      68      68      67      69      70      70      71
      77      79      79      80      81      81      81      81      81      77
      75      74      67      63      64      65      65      65      65      63
      64      67      69      69      71      73      75      76      78      79
      80      81      82      81      80      81      82      82      81      82
      85      99     104     102     100      99     102     111     103      94
      94      94     100     108     112     114     114     116     120     108
      87      83      79      73      72      73      73      73      72      70
      68      67      66      66      66      66      69      69      69      69
      74      75      75      73      71      69      65      63      66      69
      70
      61      62      69      70      70      70      73      72      72      73
      75      75      76      79      81      80      80      81      81      79
      76      74      71      65      64      64      63      62      62      62
      63      65      67      67      74      74      74      75      77      78
      77      78      79      80      80      80      82      84      83      83
      91     105     115     116     115     110     108     110     105     101
      96      98     106     105     106     111     113     113     114     110
      97      82      79      76      75      75      74      74      75      76
      75      73      71      68      67      69      71      71      71      72
      73      71      71      71      72      71      68      68      68      69
      68
      64      63      66      68      68      70      71      70      70      71
      72      73      74      76      90      91      88      86      81      79
      79      77      73      66      66      67      66      64      67      67
      67      67      67      73      77      79      79      80      78      75
      75      76      81      83      82      82      82      88      96      96
      97     108     112     116     119     118     115     113     106     103
     101     103     105     104     104     105     100      99      98      96
      94      89      85      82      79      77      75      75      76      79
      78      77      75      67      66      68      70      72      72      76
      75      71      70      70      74      73      72      71      70      70
      69
      67      67      67      67      68      70      71      70      70      69
      70      71      76      84      98     103     103      97      86      83
      81      73      69      66      66      72      72      71      70      70
      75      76      73      71      74      78      74      68      70      71
      76      88      89      85      83      83      83      91      96      97
     103     117     110     110     120     122     117     122     121     103
      99     104     104     104     103     103     101      98      89      87
      87      84      82      82      82      81      81      84      82      80
      79      79      75      72      69      69      70      72      73      75
      74      72      72      72      73      74      71      67      64      66
      71
      71      70      68      66      64      70      71      70      71      73
      77      80      87      88      92      99     100      97      84      77
      74      75      78      75      72      75      76      75      73      70
      72      76      76      75      74      75      75      75      75      74
      78      81      81      81      82      87      94      96      98      99
     110     113     108     108     114     119     122     123     123     112
     106     109     110     104     102     102     106      99      88      88
      94      91      88      85      84      84      87      89      91      88
      86      84      82      78      74      72      71      72      72      73
      73      73      71      70      65      64      63      63      61      62
      72
      76      73      71      71      70      69      69      69      70      72
      74      84      86      87      96      98     101     105      96      78
      76      75      76      84      87      85      73      70      68      67
      68      74      76      77      79      77      76      77      89      85
      83      82      81      81      83      86      89      90      97     101
     108     110     109     116     117     118     121     123     124     122
     117     115     107     104      99      94      98      99      95      93
     101      99      93      90      89      89      97      97     108     105
     101      96      97      90      83      78      74      71      71      71
      72      71      71      69      67      65      64      67      71      70
      71
      75      74      72      70      70      66      66      66      68      75
      78      81      83      87      91      94      95      92      81      74
      74      74      75      78      82      82      75      72      70      69
      70      72      76      78      79      78      77      88      90      88
      87      89      87      85      84      84      85      93      95     103
     107     108     111     115     116     119     122     127     132     130
     116     113     110     110     109     106     108     116     108      98
      99      99      97      95      95      98     102     111     132     146
     138     125     113     104      96      89      83      76      72      71
      71      72      72      70      69      67      69      69      70      70
      70
      72      72      72      70      68      67      75      78      76      76
      77      79      81      84      87      90      87      86      77      75
      82      81      81      81      81      79      74      73      72      73
      73      73      76      77      78      79      83      86      86      85
      86      93      93      91      89      91      92      93      98     104
     106     107     109     111     112     113     114     117     125     124
     121     118     116     114     117     116     116     116     103      98
      98      98      96      95      96     110     130     147     178     196
     176     158     138     124     115     108     100      89      82      77
      75      73      72      72      72      74      74      74      72      69
      69
      77      77      75      73      71      70      72      75      78      78
      77      83      87      86      84      82      81      81      80      80
      81      82      81      81      90      89      84      79      76      78
      77      73      74      76      77      83      84      85      86      86
      91      99     101     101      99     107     107     103     101     102
     104     108     108     109     111     115     118     121     123     124
     123     125     122     120     119     117     115     115     107      97
      97      97      95      93     103     117     140     172     190     212
     213     184     157     142     132     114     103      99      93      87
      79      75      74      73      73      74      74      74      73      68
      67
      79      79      79      77      75      74      78      78      78      78
      78      80      88      89      87      82      75      72      81      83
      80      80      80      86      90      90      85      82      80      80
      79      77      76      76      77      80      81      83      85      95
      98     101     104     105     105     106     103     103     102     102
     103     107     108     106     107     111     115     117     116     116
     118     120     120     121     116     116     111     105     104     100
     100     106     102      96      98     109     147     214     229     230
     238     208     169     154     129     114     109     109     106      98
      91      86      81      76      73      73      67      64      67      70
      72
      90      92      91      87      83      80      76      74      75      79
      83      85      86      78      75      71      72      75      76      75
      76      77      74      78      80      80      79      79      80      78
      78      77      77      79      79      77      78      81      86     107
     113     113     105     102     103     102      97      96      98     101
     102     106     109     111     110     111     112     113     113     102
     111     125     127     125     114     112     111     106      95      96
      97      96     102     105     105     111     156     261     292     271
     241     210     172     149     134     122     115     113     111     109
     104      89      81      79      73      73      72      74      75      74
      74
