Time (UT), 	 6-12 keV, 	 12-25 keV, 	 25-50 keV, 	 50-100 keV, 	 Attenuator State, 	 Eclipse State 
2013-08-30T02:03:28.000,	0.0,	0.0,	0.0,	0.0,	0.0,	1.0
2013-08-30T02:03:32.000,	0.0,	0.0,	0.0,	0.0,	0.0,	0.0
2013-08-30T02:03:36.000,	0.0,	0.0,	0.0,	0.0,	0.0,	0.0
2013-08-30T02:03:40.000,	0.0,	0.0,	0.0,	0.0,	0.0,	0.0
2013-08-30T02:03:44.000,	0.0,	0.0,	0.0,	0.0,	0.0,	0.0
2013-08-30T02:03:48.000,	0.0,	0.0,	0.0,	0.0,	0.0,	0.0
2013-08-30T02:03:52.000,	0.0,	0.0,	0.0,	0.0,	0.0,	0.0
2013-08-30T02:03:56.000,	1.11,	1.82,	6.14,	14.56,	0.0,	0.0
2013-08-30T02:04:00.000,	1.11,	1.82,	6.14,	14.56,	0.0,	0.0
2013-08-30T02:04:04.000,	1.11,	1.82,	6.14,	14.56,	0.0,	0.0
2013-08-30T02:04:08.000,	0.0,	0.0,	0.0,	0.0,	0.0,	0.0
2013-08-30T02:04:12.000,	0.0,	0.0,	0.0,	0.0,	0.0,	0.0
2013-08-30T02:04:16.000,	0.0,	0.0,	0.0,	0.0,	0.0,	0.0
2013-08-30T02:04:20.000,	0.0,	0.0,	0.0,	0.0,	0.0,	0.0
2013-08-30T02:04:24.000,	0.0,	0.0,	0.0,	0.0,	0.0,	0.0
2013-08-30T02:04:28.000,	0.0,	0.0,	0.0,	0.0,	0.0,	0.0
2013-08-30T02:04:32.000,	0.0,	0.0,	0.0,	0.0,	0.0,	0.0
2013-08-30T02:04:36.000,	0.0,	0.0,	0.0,	0.0,	0.0,	0.0
2013-08-30T02:04:40.000,	0.0,	0.0,	0.0,	0.0,	0.0,	0.0
2013-08-30T02:04:44.000,	0.0,	0.0,	0.0,	0.0,	0.0,	0.0
2013-08-30T02:04:48.000,	0.0,	0.0,	0.0,	0.0,	0.0,	0.0
2013-08-30T02:04:52.000,	0.0,	0.0,	0.0,	0.0,	0.0,	0.0
2013-08-30T02:04:56.000,	0.0,	0.0,	0.0,	0.0,	0.0,	0.0
2013-08-30T02:05:00.000,	0.0,	0.0,	0.0,	0.0,	0.0,	0.0
2013-08-30T02:05:04.000,	0.0,	0.0,	0.0,	0.0,	0.0,	0.0
2013-08-30T02:05:08.000,	0.0,	0.0,	0.0,	0.0,	0.0,	0.0
2013-08-30T02:05:12.000,	0.0,	0.0,	0.0,	0.0,	0.0,	0.0
2013-08-30T02:05:16.000,	0.0,	0.0,	0.0,	0.0,	0.0,	0.0
2013-08-30T02:05:20.000,	0.0,	0.0,	0.0,	0.0,	0.0,	0.0
2013-08-30T02:05:24.000,	0.0,	0.0,	0.0,	0.0,	0.0,	0.0
2013-08-30T02:05:28.000,	0.0,	0.0,	0.0,	0.0,	0.0,	0.0
2013-08-30T02:05:32.000,	0.0,	0.0,	0.0,	0.0,	0.0,	0.0
2013-08-30T02:05:36.000,	0.0,	0.0,	0.0,	0.0,	0.0,	0.0
2013-08-30T02:05:40.000,	0.0,	0.0,	0.0,	0.0,	0.0,	0.0
2013-08-30T02:05:44.000,	0.0,	0.0,	0.0,	0.0,	0.0,	0.0
2013-08-30T02:05:48.000,	0.0,	0.0,	0.0,	0.0,	0.0,	0.0
2013-08-30T02:05:52.000,	1.97,	3.07,	10.26,	24.28,	0.0,	0.0
2013-08-30T02:05:56.000,	8.09,	3.63,	10.57,	24.37,	0.0,	0.0
2013-08-30T02:06:00.000,	7.3,	4.18,	10.88,	24.46,	0.0,	0.0
2013-08-30T02:06:04.000,	7.7,	4.19,	10.88,	24.47,	0.0,	0.0
2013-08-30T02:06:08.000,	8.09,	4.12,	10.57,	25.1,	0.0,	0.0
2013-08-30T02:06:12.000,	7.7,	4.2,	10.89,	24.47,	0.0,	0.0
2013-08-30T02:06:16.000,	7.7,	3.85,	9.33,	27.63,	0.0,	0.0
2013-08-30T02:06:20.000,	8.09,	4.55,	9.33,	24.65,	0.0,	0.0
2013-08-30T02:06:24.000,	8.09,	4.2,	10.89,	24.75,	0.0,	0.0
2013-08-30T02:06:28.000,	8.48,	4.2,	10.12,	24.84,	0.0,	0.0
2013-08-30T02:06:32.000,	8.48,	4.55,	10.21,	24.94,	0.0,	0.0
2013-08-30T02:06:36.000,	8.48,	4.55,	10.29,	28.16,	0.0,	0.0
2013-08-30T02:06:40.000,	8.88,	4.9,	10.37,	25.12,	0.0,	0.0
2013-08-30T02:06:44.000,	9.27,	4.9,	11.26,	25.22,	0.0,	0.0
2013-08-30T02:06:48.000,	8.48,	4.55,	9.72,	23.73,	0.0,	0.0
2013-08-30T02:06:52.000,	9.27,	4.55,	10.62,	25.4,	0.0,	0.0
2013-08-30T02:06:56.000,	8.88,	4.55,	9.87,	25.5,	0.0,	0.0
2013-08-30T02:07:00.000,	9.67,	4.55,	10.78,	25.59,	0.0,	0.0
2013-08-30T02:07:04.000,	10.06,	4.55,	10.03,	25.68,	0.0,	0.0
2013-08-30T02:07:08.000,	10.06,	4.9,	11.78,	29.0,	0.0,	0.0
2013-08-30T02:07:12.000,	9.27,	4.9,	10.18,	25.87,	0.0,	0.0
2013-08-30T02:07:16.000,	9.67,	4.9,	10.25,	25.96,	0.0,	0.0
2013-08-30T02:07:20.000,	10.06,	4.9,	10.33,	26.06,	0.0,	0.0
2013-08-30T02:07:24.000,	9.67,	4.9,	11.27,	26.15,	0.0,	0.0
2013-08-30T02:07:28.000,	10.06,	4.9,	10.48,	26.24,	0.0,	0.0
2013-08-30T02:07:32.000,	10.06,	4.55,	11.43,	26.34,	0.0,	0.0
2013-08-30T02:07:36.000,	10.06,	4.2,	11.51,	26.43,	0.0,	0.0
2013-08-30T02:07:40.000,	11.25,	5.25,	11.6,	26.52,	0.0,	0.0
2013-08-30T02:07:44.000,	10.85,	5.25,	11.68,	26.62,	0.0,	0.0
2013-08-30T02:07:48.000,	10.85,	5.25,	10.86,	30.05,	0.0,	0.0
2013-08-30T02:07:52.000,	10.06,	4.9,	10.93,	25.13,	0.0,	0.0
2013-08-30T02:07:56.000,	11.25,	5.6,	11.92,	25.22,	0.0,	0.0
2013-08-30T02:08:00.000,	10.46,	5.6,	12.01,	25.31,	0.0,	0.0
2013-08-30T02:08:04.000,	10.85,	5.95,	12.09,	27.09,	0.0,	0.0
2013-08-30T02:08:08.000,	11.64,	5.95,	11.23,	25.48,	0.0,	0.0
2013-08-30T02:08:12.000,	11.64,	6.65,	11.31,	27.27,	0.0,	0.0
2013-08-30T02:08:16.000,	12.04,	6.3,	12.33,	27.37,	0.0,	0.0
2013-08-30T02:08:20.000,	12.43,	6.3,	12.41,	27.46,	0.0,	0.0
2013-08-30T02:08:24.000,	12.43,	6.65,	12.5,	27.55,	0.0,	0.0
2013-08-30T02:08:28.000,	12.43,	6.3,	10.64,	27.65,	0.0,	0.0
2013-08-30T02:08:32.000,	12.43,	6.65,	13.63,	26.01,	0.0,	0.0
2013-08-30T02:08:36.000,	12.04,	5.6,	12.74,	26.09,	0.0,	0.0
2013-08-30T02:08:40.000,	12.43,	5.95,	10.85,	27.93,	0.0,	0.0
2013-08-30T02:08:44.000,	13.22,	6.3,	11.91,	28.02,	0.0,	0.0
2013-08-30T02:08:48.000,	12.43,	6.3,	13.99,	28.11,	0.0,	0.0
2013-08-30T02:08:52.000,	13.22,	6.65,	13.07,	28.21,	0.0,	0.0
2013-08-30T02:08:56.000,	12.43,	5.6,	13.15,	28.3,	0.0,	0.0
2013-08-30T02:09:00.000,	13.22,	5.95,	12.21,	28.39,	0.0,	0.0
2013-08-30T02:09:04.000,	13.22,	5.95,	12.29,	28.49,	0.0,	0.0
2013-08-30T02:09:08.000,	14.01,	6.65,	12.37,	28.58,	0.0,	0.0
2013-08-30T02:09:12.000,	14.01,	7.0,	13.48,	28.68,	0.0,	0.0
2013-08-30T02:09:16.000,	14.01,	7.35,	12.52,	28.77,	0.0,	0.0
2013-08-30T02:09:20.000,	14.8,	8.05,	13.64,	27.06,	0.0,	0.0
2013-08-30T02:09:24.000,	14.01,	7.7,	12.67,	27.15,	0.0,	0.0
2013-08-30T02:09:28.000,	14.01,	7.0,	12.74,	27.23,	0.0,	0.0
2013-08-30T02:09:32.000,	15.59,	9.1,	16.02,	29.14,	0.0,	0.0
2013-08-30T02:09:36.000,	14.8,	8.05,	13.97,	29.24,	0.0,	0.0
2013-08-30T02:09:40.000,	14.8,	9.1,	12.97,	29.33,	0.0,	0.0
2013-08-30T02:09:44.000,	15.59,	8.4,	14.13,	27.58,	0.0,	0.0
2013-08-30T02:09:48.000,	17.17,	9.8,	14.21,	29.52,	0.0,	0.0
2013-08-30T02:09:52.000,	16.38,	8.4,	14.3,	27.76,	0.0,	0.0
2013-08-30T02:09:56.000,	15.59,	8.4,	14.38,	27.85,	0.0,	0.0
2013-08-30T02:10:00.000,	16.38,	8.05,	13.35,	27.94,	0.0,	0.0
2013-08-30T02:10:04.000,	17.17,	9.1,	14.54,	26.15,	0.0,	0.0
2013-08-30T02:10:08.000,	17.17,	9.8,	13.5,	28.11,	0.0,	0.0
2013-08-30T02:10:12.000,	17.17,	9.8,	12.44,	28.2,	0.0,	0.0
2013-08-30T02:10:16.000,	18.74,	9.8,	14.79,	28.29,	0.0,	0.0
2013-08-30T02:10:20.000,	17.96,	10.5,	13.72,	28.37,	0.0,	0.0
2013-08-30T02:10:24.000,	18.74,	10.5,	12.65,	30.36,	0.0,	0.0
2013-08-30T02:10:28.000,	18.74,	10.5,	13.87,	28.55,	0.0,	0.0
2013-08-30T02:10:32.000,	17.17,	9.8,	13.95,	26.73,	0.0,	0.0
2013-08-30T02:10:36.000,	17.96,	9.8,	12.86,	28.72,	0.0,	0.0
2013-08-30T02:10:40.000,	20.32,	11.2,	15.28,	28.81,	0.0,	0.0
2013-08-30T02:10:44.000,	19.53,	11.2,	16.54,	28.9,	0.0,	0.0
2013-08-30T02:10:48.000,	18.74,	9.8,	14.25,	28.99,	0.0,	0.0
2013-08-30T02:10:52.000,	20.32,	11.2,	13.13,	29.07,	0.0,	0.0
2013-08-30T02:10:56.000,	18.74,	10.5,	13.2,	27.22,	0.0,	0.0
2013-08-30T02:11:00.000,	20.32,	11.2,	14.48,	27.3,	0.0,	0.0
2013-08-30T02:11:04.000,	21.11,	11.2,	15.77,	29.34,	0.0,	0.0
2013-08-30T02:11:08.000,	21.11,	11.2,	15.85,	29.43,	0.0,	0.0
2013-08-30T02:11:12.000,	19.53,	10.5,	14.71,	27.55,	0.0,	0.0
2013-08-30T02:11:16.000,	21.9,	11.2,	13.55,	27.63,	0.0,	0.0
2013-08-30T02:11:20.000,	21.11,	11.2,	14.86,	29.69,	0.0,	0.0
2013-08-30T02:11:24.000,	21.11,	11.2,	14.93,	29.78,	0.0,	0.0
2013-08-30T02:11:28.000,	20.32,	10.5,	13.76,	27.87,	0.0,	0.0
2013-08-30T02:11:32.000,	20.32,	11.2,	13.83,	27.95,	0.0,	0.0
2013-08-30T02:11:36.000,	21.9,	11.9,	13.89,	30.04,	0.0,	0.0
2013-08-30T02:11:40.000,	21.9,	13.3,	13.96,	28.12,	0.0,	0.0
2013-08-30T02:11:44.000,	21.11,	12.6,	15.31,	30.21,	0.0,	0.0
2013-08-30T02:11:48.000,	21.11,	11.9,	16.67,	30.3,	0.0,	0.0
2013-08-30T02:11:52.000,	23.48,	13.3,	15.46,	30.39,	0.0,	0.0
2013-08-30T02:11:56.000,	21.9,	12.6,	14.24,	26.41,	0.0,	0.0
2013-08-30T02:12:00.000,	22.69,	13.3,	16.91,	32.6,	0.0,	0.0
2013-08-30T02:12:04.000,	23.48,	14.0,	16.99,	30.65,	0.0,	0.0
2013-08-30T02:12:08.000,	21.11,	12.6,	15.76,	26.64,	0.0,	0.0
2013-08-30T02:12:12.000,	21.9,	12.6,	14.52,	28.77,	0.0,	0.0
2013-08-30T02:12:16.000,	22.69,	13.35,	15.91,	28.85,	0.0,	0.0
2013-08-30T02:12:20.000,	24.27,	14.14,	14.66,	33.07,	0.0,	0.0
2013-08-30T02:12:24.000,	24.27,	14.94,	18.74,	31.09,	0.0,	0.0
2013-08-30T02:12:28.000,	23.48,	13.61,	16.14,	31.18,	0.0,	0.0
2013-08-30T02:12:32.000,	24.27,	15.14,	17.57,	31.27,	0.0,	0.0
2013-08-30T02:12:36.000,	23.48,	14.51,	16.29,	27.17,	0.0,	0.0
2013-08-30T02:12:40.000,	24.27,	14.6,	16.37,	29.35,	0.0,	0.0
2013-08-30T02:12:44.000,	25.06,	15.43,	17.81,	31.53,	0.0,	0.0
2013-08-30T02:12:48.000,	25.06,	15.52,	16.52,	33.72,	0.0,	0.0
2013-08-30T02:12:52.000,	24.27,	14.88,	16.59,	29.59,	0.0,	0.0
2013-08-30T02:12:56.000,	26.64,	15.72,	16.67,	27.55,	0.0,	0.0
2013-08-30T02:13:00.000,	28.22,	15.6,	16.3,	28.55,	0.0,	0.0
2013-08-30T02:13:04.000,	24.27,	15.8,	16.07,	28.54,	0.0,	0.0
2013-08-30T02:13:08.000,	25.63,	15.81,	15.76,	29.14,	0.0,	0.0
2013-08-30T02:13:12.000,	25.22,	15.89,	15.48,	29.53,	0.0,	0.0
2013-08-30T02:13:16.000,	25.69,	15.93,	15.19,	30.02,	0.0,	0.0
2013-08-30T02:13:20.000,	26.38,	15.94,	14.9,	30.42,	0.0,	0.0
2013-08-30T02:13:24.000,	26.64,	16.01,	14.59,	31.01,	0.0,	0.0
2013-08-30T02:13:28.000,	28.22,	15.91,	14.36,	31.01,	0.0,	0.0
2013-08-30T02:13:32.000,	28.22,	16.1,	14.0,	32.0,	0.0,	0.0
2013-08-30T02:13:36.000,	26.64,	15.4,	14.0,	30.0,	0.0,	0.0
2013-08-30T02:13:40.000,	29.79,	16.8,	14.0,	32.0,	0.0,	0.0
2013-08-30T02:13:44.000,	28.22,	16.1,	12.44,	32.0,	0.0,	0.0
2013-08-30T02:13:48.000,	29.79,	16.8,	14.0,	32.0,	0.0,	0.0
2013-08-30T02:13:52.000,	28.22,	16.1,	14.0,	32.0,	0.0,	0.0
2013-08-30T02:13:56.000,	29.79,	16.1,	14.0,	30.0,	0.0,	0.0
2013-08-30T02:14:00.000,	31.37,	17.5,	14.0,	28.0,	0.0,	0.0
2013-08-30T02:14:04.000,	31.37,	17.5,	14.0,	28.0,	0.0,	0.0
2013-08-30T02:14:08.000,	31.37,	18.2,	14.0,	30.0,	0.0,	0.0
2013-08-30T02:14:12.000,	31.37,	17.5,	12.44,	30.0,	0.0,	0.0
2013-08-30T02:14:16.000,	29.79,	16.8,	14.0,	32.0,	0.0,	0.0
2013-08-30T02:14:20.000,	31.37,	18.9,	12.44,	30.0,	0.0,	0.0
2013-08-30T02:14:24.000,	32.95,	19.6,	14.0,	30.0,	0.0,	0.0
2013-08-30T02:14:28.000,	34.53,	21.0,	14.0,	30.0,	0.0,	0.0
2013-08-30T02:14:32.000,	32.95,	21.0,	14.0,	28.0,	0.0,	0.0
2013-08-30T02:14:36.000,	34.53,	21.0,	12.44,	30.0,	0.0,	0.0
2013-08-30T02:14:40.000,	34.53,	22.4,	14.0,	32.0,	0.0,	0.0
2013-08-30T02:14:44.000,	34.53,	21.0,	12.44,	28.0,	0.0,	0.0
2013-08-30T02:14:48.000,	37.69,	23.8,	14.0,	28.0,	0.0,	0.0
2013-08-30T02:14:52.000,	39.26,	26.6,	14.0,	30.0,	0.0,	0.0
2013-08-30T02:14:56.000,	37.69,	25.2,	12.44,	30.0,	0.0,	0.0
2013-08-30T02:15:00.000,	42.42,	26.6,	14.0,	28.0,	0.0,	0.0
2013-08-30T02:15:04.000,	39.26,	25.2,	14.0,	30.0,	0.0,	0.0
2013-08-30T02:15:08.000,	40.84,	26.6,	14.0,	30.0,	0.0,	0.0
2013-08-30T02:15:12.000,	42.42,	26.6,	14.0,	30.0,	0.0,	0.0
2013-08-30T02:15:16.000,	42.42,	28.0,	12.44,	30.0,	0.0,	0.0
2013-08-30T02:15:20.000,	42.42,	28.0,	14.0,	28.0,	0.0,	0.0
2013-08-30T02:15:24.000,	40.84,	28.0,	14.0,	28.0,	0.0,	0.0
2013-08-30T02:15:28.000,	40.84,	28.0,	14.0,	28.0,	0.0,	0.0
2013-08-30T02:15:32.000,	40.84,	28.0,	14.0,	28.0,	0.0,	0.0
2013-08-30T02:15:36.000,	42.42,	29.4,	14.0,	30.0,	0.0,	0.0
2013-08-30T02:15:40.000,	42.32,	28.93,	13.87,	28.0,	0.0,	0.0
2013-08-30T02:15:44.000,	42.77,	29.09,	13.78,	28.0,	0.0,	0.0
2013-08-30T02:15:48.000,	42.89,	28.87,	13.66,	27.52,	0.0,	0.0
2013-08-30T02:15:52.000,	43.12,	28.78,	13.56,	27.2,	0.0,	0.0
2013-08-30T02:15:56.000,	43.3,	28.62,	13.44,	26.8,	1.0,	0.0
2013-08-30T02:16:00.000,	43.47,	28.47,	13.38,	26.88,	1.0,	0.0
2013-08-30T02:16:04.000,	43.65,	28.31,	13.22,	26.0,	1.0,	0.0
2013-08-30T02:16:08.000,	43.79,	28.19,	13.33,	28.0,	1.0,	0.0
2013-08-30T02:16:12.000,	44.0,	28.0,	13.0,	26.0,	1.0,	0.0
2013-08-30T02:16:16.000,	44.0,	28.0,	14.0,	24.0,	1.0,	0.0
2013-08-30T02:16:20.000,	40.0,	28.0,	13.0,	26.0,	1.0,	0.0
2013-08-30T02:16:24.000,	44.0,	30.0,	14.0,	26.0,	1.0,	0.0
2013-08-30T02:16:28.000,	44.0,	30.0,	15.0,	28.0,	1.0,	0.0
2013-08-30T02:16:32.000,	48.0,	32.0,	14.0,	26.0,	1.0,	0.0
2013-08-30T02:16:36.000,	48.0,	32.0,	14.0,	26.0,	1.0,	0.0
2013-08-30T02:16:40.000,	44.0,	32.0,	14.0,	26.0,	1.0,	0.0
2013-08-30T02:16:44.000,	52.0,	36.0,	16.0,	28.0,	1.0,	0.0
2013-08-30T02:16:48.000,	52.0,	34.0,	14.0,	24.0,	1.0,	0.0
2013-08-30T02:16:52.000,	48.0,	34.0,	15.0,	24.0,	1.0,	0.0
2013-08-30T02:16:56.000,	42.0,	28.0,	15.0,	26.0,	1.0,	0.0
2013-08-30T02:17:00.000,	48.0,	32.0,	14.0,	26.0,	1.0,	0.0
2013-08-30T02:17:04.000,	48.0,	32.0,	14.0,	24.0,	1.0,	0.0
2013-08-30T02:17:08.000,	52.0,	32.0,	16.0,	28.0,	1.0,	0.0
2013-08-30T02:17:12.000,	48.0,	32.0,	14.0,	26.0,	1.0,	0.0
2013-08-30T02:17:16.000,	48.0,	32.0,	14.0,	24.0,	1.0,	0.0
2013-08-30T02:17:20.000,	56.0,	36.0,	15.0,	24.0,	1.0,	0.0
2013-08-30T02:17:24.000,	46.0,	28.0,	14.0,	24.0,	1.0,	0.0
2013-08-30T02:17:28.000,	48.0,	34.0,	15.0,	24.0,	1.0,	0.0
2013-08-30T02:17:32.000,	48.0,	30.0,	15.0,	26.0,	1.0,	0.0
2013-08-30T02:17:36.000,	52.0,	32.0,	14.0,	26.0,	1.0,	0.0
2013-08-30T02:17:40.000,	52.0,	32.0,	13.0,	26.0,	1.0,	0.0
2013-08-30T02:17:44.000,	52.0,	32.0,	14.0,	22.0,	1.0,	0.0
2013-08-30T02:17:48.000,	48.0,	30.0,	13.0,	24.0,	1.0,	0.0
2013-08-30T02:17:52.000,	52.0,	32.0,	14.0,	26.0,	1.0,	0.0
2013-08-30T02:17:56.000,	52.0,	30.0,	13.0,	26.0,	1.0,	0.0
2013-08-30T02:18:00.000,	52.0,	30.0,	14.0,	24.0,	1.0,	0.0
2013-08-30T02:18:04.000,	52.0,	32.0,	14.0,	26.0,	1.0,	0.0
2013-08-30T02:18:08.000,	48.0,	28.0,	13.0,	24.0,	1.0,	0.0
2013-08-30T02:18:12.000,	40.0,	24.0,	13.0,	24.0,	1.0,	0.0
2013-08-30T02:18:16.000,	44.0,	24.0,	12.0,	24.0,	1.0,	0.0
2013-08-30T02:18:20.000,	48.0,	26.0,	13.0,	24.0,	1.0,	0.0
2013-08-30T02:18:24.000,	56.0,	28.0,	14.0,	26.0,	1.0,	0.0
2013-08-30T02:18:28.000,	46.0,	28.0,	13.0,	24.0,	1.0,	0.0
2013-08-30T02:18:32.000,	46.0,	26.0,	14.0,	22.0,	1.0,	0.0
2013-08-30T02:18:36.000,	48.0,	24.0,	12.0,	24.0,	1.0,	0.0
2013-08-30T02:18:40.000,	48.0,	26.0,	13.0,	24.0,	1.0,	0.0
2013-08-30T02:18:44.000,	48.0,	26.0,	13.0,	24.0,	1.0,	0.0
2013-08-30T02:18:48.000,	44.0,	24.0,	12.0,	26.0,	1.0,	0.0
2013-08-30T02:18:52.000,	46.0,	26.0,	13.0,	24.0,	1.0,	0.0
2013-08-30T02:18:56.000,	48.0,	28.0,	12.0,	22.0,	1.0,	0.0
2013-08-30T02:19:00.000,	52.0,	30.0,	12.0,	24.0,	1.0,	0.0
2013-08-30T02:19:04.000,	48.0,	26.0,	12.0,	24.0,	1.0,	0.0
2013-08-30T02:19:08.000,	52.0,	30.0,	12.0,	26.0,	1.0,	0.0
2013-08-30T02:19:12.000,	52.0,	32.0,	11.0,	24.0,	1.0,	0.0
2013-08-30T02:19:16.000,	52.0,	26.0,	13.0,	24.0,	1.0,	0.0
2013-08-30T02:19:20.000,	52.0,	32.0,	13.0,	24.0,	1.0,	0.0
2013-08-30T02:19:24.000,	48.0,	26.0,	12.0,	24.0,	1.0,	0.0
2013-08-30T02:19:28.000,	56.0,	30.0,	13.0,	20.0,	1.0,	0.0
2013-08-30T02:19:32.000,	52.0,	30.0,	12.0,	26.0,	1.0,	0.0
2013-08-30T02:19:36.000,	48.0,	28.0,	11.0,	26.0,	1.0,	0.0
2013-08-30T02:19:40.000,	48.0,	26.0,	12.0,	24.0,	1.0,	0.0
2013-08-30T02:19:44.000,	48.64,	26.4,	11.8,	24.08,	1.0,	0.0
2013-08-30T02:19:48.000,	49.13,	26.22,	11.89,	23.66,	1.0,	0.0
2013-08-30T02:19:52.000,	49.66,	26.24,	11.88,	23.41,	1.0,	0.0
2013-08-30T02:19:56.000,	50.18,	26.16,	11.92,	23.07,	0.0,	0.0
2013-08-30T02:20:00.000,	50.69,	26.1,	11.95,	22.75,	0.0,	0.0
2013-08-30T02:20:04.000,	51.2,	26.0,	12.0,	22.4,	0.0,	0.0
2013-08-30T02:20:08.000,	51.73,	26.0,	12.0,	22.13,	0.0,	0.0
2013-08-30T02:20:12.000,	52.27,	26.0,	12.0,	21.87,	0.0,	0.0
2013-08-30T02:20:16.000,	52.8,	26.0,	12.0,	21.6,	0.0,	0.0
2013-08-30T02:20:20.000,	53.33,	26.0,	12.0,	21.33,	0.0,	0.0
2013-08-30T02:20:24.000,	53.87,	26.0,	12.0,	21.07,	1.0,	0.0
2013-08-30T02:20:28.000,	54.38,	26.08,	12.0,	20.97,	1.0,	0.0
2013-08-30T02:20:32.000,	54.93,	26.0,	12.0,	20.53,	1.0,	0.0
2013-08-30T02:20:36.000,	55.36,	26.4,	12.0,	21.12,	1.0,	0.0
2013-08-30T02:20:40.000,	56.0,	26.0,	12.0,	20.0,	1.0,	0.0
2013-08-30T02:20:44.000,	56.0,	28.0,	12.0,	24.0,	1.0,	0.0
2013-08-30T02:20:48.000,	56.0,	28.0,	11.0,	22.0,	1.0,	0.0
2013-08-30T02:20:52.000,	46.0,	22.0,	11.0,	24.0,	1.0,	0.0
2013-08-30T02:20:56.000,	52.0,	24.0,	12.0,	24.0,	1.0,	0.0
2013-08-30T02:21:00.000,	52.0,	24.0,	13.0,	22.0,	1.0,	0.0
2013-08-30T02:21:04.000,	60.0,	28.0,	11.0,	24.0,	1.0,	0.0
2013-08-30T02:21:08.000,	56.0,	24.0,	11.0,	22.0,	1.0,	0.0
2013-08-30T02:21:12.000,	52.0,	26.0,	11.0,	22.0,	1.0,	0.0
2013-08-30T02:21:16.000,	52.0,	22.0,	12.0,	22.0,	1.0,	0.0
2013-08-30T02:21:20.000,	60.0,	26.0,	11.0,	22.0,	1.0,	0.0
2013-08-30T02:21:24.000,	52.0,	22.0,	13.0,	24.0,	1.0,	0.0
2013-08-30T02:21:28.000,	52.0,	24.0,	12.0,	22.0,	1.0,	0.0
2013-08-30T02:21:32.000,	56.0,	26.0,	11.0,	22.0,	1.0,	0.0
2013-08-30T02:21:36.000,	52.0,	22.0,	10.0,	24.0,	1.0,	0.0
2013-08-30T02:21:40.000,	52.0,	22.0,	12.0,	20.0,	1.0,	0.0
2013-08-30T02:21:44.000,	52.0,	22.0,	11.0,	22.0,	1.0,	0.0
2013-08-30T02:21:48.000,	52.0,	22.0,	11.0,	22.0,	1.0,	0.0
2013-08-30T02:21:52.000,	48.0,	20.0,	11.0,	22.0,	1.0,	0.0
2013-08-30T02:21:56.000,	60.0,	24.0,	11.0,	24.0,	1.0,	0.0
2013-08-30T02:22:00.000,	52.0,	18.0,	11.0,	22.0,	1.0,	0.0
2013-08-30T02:22:04.000,	56.0,	20.0,	11.0,	20.0,	1.0,	0.0
2013-08-30T02:22:08.000,	52.0,	20.0,	11.0,	20.0,	1.0,	0.0
2013-08-30T02:22:12.000,	60.0,	22.0,	11.0,	24.0,	1.0,	0.0
2013-08-30T02:22:16.000,	48.0,	18.0,	9.0,	22.0,	1.0,	0.0
2013-08-30T02:22:20.000,	60.0,	20.0,	12.0,	20.0,	1.0,	0.0
2013-08-30T02:22:24.000,	48.0,	18.0,	11.0,	22.0,	1.0,	0.0
2013-08-30T02:22:28.000,	56.0,	20.0,	11.0,	22.0,	1.0,	0.0
2013-08-30T02:22:32.000,	56.0,	20.0,	11.0,	22.0,	1.0,	0.0
2013-08-30T02:22:36.000,	52.0,	18.0,	10.0,	22.0,	1.0,	0.0
2013-08-30T02:22:40.000,	48.0,	18.0,	11.0,	22.0,	1.0,	0.0
2013-08-30T02:22:44.000,	46.0,	16.0,	10.0,	22.0,	1.0,	0.0
2013-08-30T02:22:48.000,	48.0,	16.0,	10.0,	22.0,	1.0,	0.0
2013-08-30T02:22:52.000,	52.0,	20.0,	10.0,	22.0,	1.0,	0.0
2013-08-30T02:22:56.000,	48.0,	18.0,	11.0,	22.0,	1.0,	0.0
2013-08-30T02:23:00.000,	60.0,	20.0,	11.0,	24.0,	1.0,	0.0
2013-08-30T02:23:04.000,	56.0,	18.0,	11.0,	22.0,	1.0,	0.0
2013-08-30T02:23:08.000,	64.0,	24.0,	10.0,	20.0,	1.0,	0.0
2013-08-30T02:23:12.000,	64.0,	24.0,	10.0,	22.0,	1.0,	0.0
2013-08-30T02:23:16.000,	56.0,	20.0,	11.0,	20.0,	1.0,	0.0
2013-08-30T02:23:20.000,	56.0,	24.0,	10.0,	24.0,	1.0,	0.0
2013-08-30T02:23:24.000,	56.0,	22.0,	10.0,	24.0,	1.0,	0.0
2013-08-30T02:23:28.000,	60.0,	22.0,	10.0,	20.0,	1.0,	0.0
2013-08-30T02:23:32.000,	52.0,	24.0,	9.0,	22.0,	1.0,	0.0
2013-08-30T02:23:36.000,	64.0,	24.0,	11.0,	22.0,	1.0,	0.0
2013-08-30T02:23:40.000,	60.0,	24.0,	9.0,	20.0,	1.0,	0.0
2013-08-30T02:23:44.000,	64.0,	24.0,	11.0,	20.0,	1.0,	0.0
2013-08-30T02:23:48.000,	64.0,	22.0,	10.0,	22.0,	1.0,	0.0
2013-08-30T02:23:52.000,	68.0,	26.0,	10.0,	22.0,	1.0,	0.0
2013-08-30T02:23:56.000,	64.0,	26.0,	10.0,	22.0,	1.0,	0.0
2013-08-30T02:24:00.000,	60.0,	24.0,	11.0,	20.0,	1.0,	0.0
2013-08-30T02:24:04.000,	60.0,	24.0,	10.0,	22.0,	1.0,	0.0
2013-08-30T02:24:08.000,	64.0,	26.0,	12.0,	22.0,	1.0,	0.0
2013-08-30T02:24:12.000,	63.52,	26.24,	11.6,	22.0,	1.0,	0.0
2013-08-30T02:24:16.000,	64.53,	27.07,	12.0,	22.0,	1.0,	0.0
2013-08-30T02:24:20.000,	64.8,	27.6,	12.0,	22.0,	0.0,	0.0
2013-08-30T02:24:24.000,	65.07,	28.13,	12.0,	22.0,	0.0,	0.0
2013-08-30T02:24:28.000,	65.33,	28.67,	12.0,	22.0,	0.0,	0.0
2013-08-30T02:24:32.000,	65.6,	29.2,	12.0,	22.0,	0.0,	0.0
2013-08-30T02:24:36.000,	65.87,	29.73,	12.0,	22.0,	0.0,	0.0
2013-08-30T02:24:40.000,	66.13,	30.27,	12.0,	22.0,	0.0,	0.0
2013-08-30T02:24:44.000,	66.4,	30.8,	12.0,	22.0,	0.0,	0.0
2013-08-30T02:24:48.000,	66.67,	31.33,	12.0,	22.0,	0.0,	0.0
2013-08-30T02:24:52.000,	66.93,	31.87,	12.0,	22.0,	1.0,	0.0
2013-08-30T02:24:56.000,	67.51,	32.3,	12.0,	22.0,	1.0,	0.0
2013-08-30T02:25:00.000,	67.47,	32.93,	12.0,	22.0,	1.0,	0.0
2013-08-30T02:25:04.000,	69.28,	32.96,	12.0,	22.0,	1.0,	0.0
2013-08-30T02:25:08.000,	68.0,	34.0,	12.0,	22.0,	1.0,	0.0
2013-08-30T02:25:12.000,	76.0,	32.0,	12.0,	22.0,	1.0,	0.0
2013-08-30T02:25:16.000,	76.0,	32.0,	12.0,	22.0,	1.0,	0.0
2013-08-30T02:25:20.000,	72.0,	32.0,	10.0,	20.0,	1.0,	0.0
2013-08-30T02:25:24.000,	68.0,	30.0,	10.0,	20.0,	1.0,	0.0
2013-08-30T02:25:28.000,	76.0,	34.0,	11.0,	22.0,	1.0,	0.0
2013-08-30T02:25:32.000,	72.0,	36.0,	12.0,	22.0,	1.0,	0.0
2013-08-30T02:25:36.000,	72.0,	32.0,	12.0,	22.0,	1.0,	0.0
2013-08-30T02:25:40.000,	76.0,	32.0,	11.0,	22.0,	1.0,	0.0
2013-08-30T02:25:44.000,	68.0,	30.0,	10.0,	24.0,	1.0,	0.0
2013-08-30T02:25:48.000,	80.0,	34.0,	11.0,	22.0,	1.0,	0.0
2013-08-30T02:25:52.000,	80.0,	36.0,	12.0,	22.0,	1.0,	0.0
2013-08-30T02:25:56.000,	72.0,	34.0,	11.0,	20.0,	1.0,	0.0
2013-08-30T02:26:00.000,	72.0,	32.0,	12.0,	22.0,	1.0,	0.0
2013-08-30T02:26:04.000,	84.0,	38.0,	11.0,	22.0,	1.0,	0.0
2013-08-30T02:26:08.000,	88.0,	38.0,	12.0,	22.0,	1.0,	0.0
2013-08-30T02:26:12.000,	76.0,	36.0,	12.0,	22.0,	1.0,	0.0
2013-08-30T02:26:16.000,	88.0,	42.0,	12.0,	24.0,	1.0,	0.0
2013-08-30T02:26:20.000,	80.0,	40.0,	12.0,	22.0,	1.0,	0.0
2013-08-30T02:26:24.000,	84.0,	38.0,	13.0,	20.0,	1.0,	0.0
2013-08-30T02:26:28.000,	92.0,	42.0,	11.0,	20.0,	1.0,	0.0
2013-08-30T02:26:32.000,	84.0,	42.0,	11.0,	22.0,	1.0,	0.0
2013-08-30T02:26:36.000,	76.0,	34.0,	12.0,	20.0,	1.0,	0.0
2013-08-30T02:26:40.000,	84.0,	40.0,	12.0,	20.0,	1.0,	0.0
2013-08-30T02:26:44.000,	76.0,	34.0,	11.0,	22.0,	1.0,	0.0
2013-08-30T02:26:48.000,	84.0,	38.0,	12.0,	24.0,	1.0,	0.0
2013-08-30T02:26:52.000,	80.0,	34.0,	12.0,	22.0,	1.0,	0.0
2013-08-30T02:26:56.000,	92.0,	40.0,	12.0,	24.0,	1.0,	0.0
2013-08-30T02:27:00.000,	92.0,	38.0,	12.0,	22.0,	1.0,	0.0
2013-08-30T02:27:04.000,	84.0,	38.0,	13.0,	22.0,	1.0,	0.0
2013-08-30T02:27:08.000,	80.0,	36.0,	13.0,	22.0,	1.0,	0.0
2013-08-30T02:27:12.000,	76.0,	34.0,	11.0,	20.0,	1.0,	0.0
2013-08-30T02:27:16.000,	88.0,	38.0,	13.0,	22.0,	1.0,	0.0
2013-08-30T02:27:20.000,	76.0,	30.0,	12.0,	20.0,	1.0,	0.0
2013-08-30T02:27:24.000,	84.0,	32.0,	13.0,	22.0,	1.0,	0.0
2013-08-30T02:27:28.000,	84.0,	36.0,	13.0,	22.0,	1.0,	0.0
2013-08-30T02:27:32.000,	88.0,	38.0,	13.0,	20.0,	1.0,	0.0
2013-08-30T02:27:36.000,	88.0,	34.0,	11.0,	22.0,	1.0,	0.0
2013-08-30T02:27:40.000,	88.0,	36.0,	12.0,	24.0,	1.0,	0.0
2013-08-30T02:27:44.000,	80.0,	32.0,	11.0,	22.0,	1.0,	0.0
2013-08-30T02:27:48.000,	96.0,	36.0,	13.0,	20.0,	1.0,	0.0
2013-08-30T02:27:52.000,	88.0,	34.0,	11.0,	22.0,	1.0,	0.0
2013-08-30T02:27:56.000,	84.0,	34.0,	12.0,	22.0,	1.0,	0.0
2013-08-30T02:28:00.000,	76.0,	30.0,	12.0,	22.0,	1.0,	0.0
2013-08-30T02:28:04.000,	84.0,	32.0,	11.0,	22.0,	1.0,	0.0
2013-08-30T02:28:08.000,	96.0,	34.0,	10.0,	22.0,	1.0,	0.0
2013-08-30T02:28:12.000,	88.0,	34.0,	12.0,	22.0,	1.0,	0.0
2013-08-30T02:28:16.000,	84.0,	28.0,	11.0,	22.0,	1.0,	0.0
2013-08-30T02:28:20.000,	84.0,	30.0,	10.0,	20.0,	1.0,	0.0
2013-08-30T02:28:24.000,	88.0,	30.0,	11.0,	24.0,	1.0,	0.0
2013-08-30T02:28:28.000,	88.0,	28.0,	11.0,	24.0,	1.0,	0.0
2013-08-30T02:28:32.000,	72.0,	24.0,	11.0,	22.0,	1.0,	0.0
2013-08-30T02:28:36.000,	75.84,	24.8,	11.0,	22.24,	1.0,	0.0
2013-08-30T02:28:40.000,	74.92,	24.45,	11.0,	21.94,	1.0,	0.0
2013-08-30T02:28:44.000,	75.58,	24.48,	11.0,	21.82,	1.0,	0.0
2013-08-30T02:28:48.000,	75.46,	24.32,	11.0,	21.62,	0.0,	0.0
2013-08-30T02:28:52.000,	75.46,	24.19,	11.0,	21.42,	0.0,	0.0
2013-08-30T02:28:56.000,	75.2,	24.0,	11.0,	21.2,	0.0,	0.0
2013-08-30T02:29:00.000,	75.73,	24.0,	11.0,	21.07,	0.0,	0.0
2013-08-30T02:29:04.000,	76.27,	24.0,	11.0,	20.93,	0.0,	0.0
2013-08-30T02:29:08.000,	76.8,	24.0,	11.0,	20.8,	0.0,	0.0
2013-08-30T02:29:12.000,	77.33,	24.0,	11.0,	20.67,	0.0,	0.0
2013-08-30T02:29:16.000,	77.87,	24.0,	11.0,	20.53,	1.0,	0.0
2013-08-30T02:29:20.000,	78.54,	24.08,	10.92,	20.41,	1.0,	0.0
2013-08-30T02:29:24.000,	78.93,	24.0,	11.0,	20.27,	1.0,	0.0
2013-08-30T02:29:28.000,	80.16,	24.4,	10.6,	20.16,	1.0,	0.0
2013-08-30T02:29:32.000,	80.0,	24.0,	11.0,	20.0,	1.0,	0.0
2013-08-30T02:29:36.000,	84.0,	26.0,	9.0,	20.0,	1.0,	0.0
2013-08-30T02:29:40.000,	88.0,	26.0,	11.0,	22.0,	1.0,	0.0
2013-08-30T02:29:44.000,	92.0,	30.0,	10.0,	22.0,	1.0,	0.0
2013-08-30T02:29:48.000,	88.0,	30.0,	13.0,	22.0,	1.0,	0.0
2013-08-30T02:29:52.000,	84.0,	24.0,	10.0,	22.0,	1.0,	0.0
2013-08-30T02:29:56.000,	84.0,	26.0,	10.0,	22.0,	1.0,	0.0
2013-08-30T02:30:00.000,	80.0,	24.0,	11.0,	22.0,	1.0,	0.0
2013-08-30T02:30:04.000,	88.0,	26.0,	10.0,	20.0,	1.0,	0.0
2013-08-30T02:30:08.000,	92.0,	26.0,	9.0,	20.0,	1.0,	0.0
2013-08-30T02:30:12.000,	80.0,	24.0,	10.0,	22.0,	1.0,	0.0
2013-08-30T02:30:16.000,	80.0,	24.0,	10.0,	22.0,	1.0,	0.0
2013-08-30T02:30:20.000,	84.0,	24.0,	12.0,	22.0,	1.0,	0.0
2013-08-30T02:30:24.000,	88.0,	22.0,	11.0,	22.0,	1.0,	0.0
2013-08-30T02:30:28.000,	92.0,	26.0,	10.0,	22.0,	1.0,	0.0
2013-08-30T02:30:32.000,	84.0,	24.0,	9.0,	20.0,	1.0,	0.0
2013-08-30T02:30:36.000,	84.0,	24.0,	8.0,	20.0,	1.0,	0.0
2013-08-30T02:30:40.000,	88.0,	26.0,	9.0,	20.0,	1.0,	0.0
2013-08-30T02:30:44.000,	92.0,	24.0,	10.0,	22.0,	1.0,	0.0
2013-08-30T02:30:48.000,	88.0,	24.0,	10.0,	20.0,	1.0,	0.0
2013-08-30T02:30:52.000,	88.0,	22.0,	9.0,	22.0,	1.0,	0.0
2013-08-30T02:30:56.000,	84.0,	20.0,	9.0,	22.0,	1.0,	0.0
2013-08-30T02:31:00.000,	88.0,	24.0,	10.0,	22.0,	1.0,	0.0
2013-08-30T02:31:04.000,	84.0,	22.0,	11.0,	20.0,	1.0,	0.0
2013-08-30T02:31:08.000,	76.0,	20.0,	11.0,	22.0,	1.0,	0.0
2013-08-30T02:31:12.000,	84.0,	20.0,	10.0,	22.0,	1.0,	0.0
2013-08-30T02:31:16.000,	80.0,	20.0,	10.0,	20.0,	1.0,	0.0
2013-08-30T02:31:20.000,	80.0,	20.0,	10.0,	20.0,	1.0,	0.0
2013-08-30T02:31:24.000,	80.0,	20.0,	9.0,	22.0,	1.0,	0.0
2013-08-30T02:31:28.000,	92.0,	22.0,	9.0,	22.0,	1.0,	0.0
2013-08-30T02:31:32.000,	88.0,	22.0,	10.0,	22.0,	1.0,	0.0
2013-08-30T02:31:36.000,	84.0,	20.0,	10.0,	20.0,	1.0,	0.0
2013-08-30T02:31:40.000,	84.0,	20.0,	9.0,	22.0,	1.0,	0.0
2013-08-30T02:31:44.000,	88.0,	22.0,	11.0,	22.0,	1.0,	0.0
2013-08-30T02:31:48.000,	88.0,	20.0,	10.0,	22.0,	1.0,	0.0
2013-08-30T02:31:52.000,	84.0,	20.0,	9.0,	22.0,	1.0,	0.0
2013-08-30T02:31:56.000,	88.0,	22.0,	10.0,	22.0,	1.0,	0.0
2013-08-30T02:32:00.000,	88.0,	20.0,	10.0,	20.0,	1.0,	0.0
2013-08-30T02:32:04.000,	88.0,	22.0,	11.0,	20.0,	1.0,	0.0
2013-08-30T02:32:08.000,	84.0,	20.0,	9.0,	22.0,	1.0,	0.0
2013-08-30T02:32:12.000,	88.0,	20.0,	10.0,	20.0,	1.0,	0.0
2013-08-30T02:32:16.000,	88.0,	20.0,	10.0,	22.0,	1.0,	0.0
2013-08-30T02:32:20.000,	88.0,	20.0,	10.0,	20.0,	1.0,	0.0
2013-08-30T02:32:24.000,	88.0,	20.0,	10.0,	20.0,	1.0,	0.0
2013-08-30T02:32:28.000,	84.0,	20.0,	10.0,	22.0,	1.0,	0.0
2013-08-30T02:32:32.000,	88.0,	22.0,	8.0,	22.0,	1.0,	0.0
2013-08-30T02:32:36.000,	84.0,	18.0,	9.0,	22.0,	1.0,	0.0
2013-08-30T02:32:40.000,	80.0,	20.0,	9.0,	22.0,	1.0,	0.0
2013-08-30T02:32:44.000,	80.0,	18.0,	10.0,	22.0,	1.0,	0.0
2013-08-30T02:32:48.000,	88.0,	22.0,	9.0,	22.0,	1.0,	0.0
2013-08-30T02:32:52.000,	84.0,	18.0,	9.0,	20.0,	1.0,	0.0
2013-08-30T02:32:56.000,	92.0,	22.0,	10.0,	22.0,	1.0,	0.0
2013-08-30T02:33:00.000,	84.0,	18.0,	10.0,	20.0,	1.0,	0.0
2013-08-30T02:33:04.000,	85.28,	18.96,	9.92,	20.4,	1.0,	0.0
2013-08-30T02:33:08.000,	84.33,	18.73,	9.86,	20.22,	1.0,	0.0
2013-08-30T02:33:12.000,	84.13,	18.9,	9.79,	20.24,	1.0,	0.0
2013-08-30T02:33:16.000,	83.55,	18.86,	9.73,	20.16,	0.0,	0.0
2013-08-30T02:33:20.000,	83.04,	18.87,	9.66,	20.1,	0.0,	0.0
2013-08-30T02:33:24.000,	82.4,	18.8,	9.6,	20.0,	0.0,	0.0
2013-08-30T02:33:28.000,	82.13,	18.93,	9.53,	20.0,	0.0,	0.0
2013-08-30T02:33:32.000,	81.87,	19.07,	9.47,	20.0,	0.0,	0.0
2013-08-30T02:33:36.000,	81.6,	19.2,	9.4,	20.0,	0.0,	0.0
2013-08-30T02:33:40.000,	81.33,	19.33,	9.33,	20.0,	0.0,	0.0
2013-08-30T02:33:44.000,	81.07,	19.47,	9.27,	20.0,	1.0,	0.0
2013-08-30T02:33:48.000,	81.13,	19.59,	9.2,	20.08,	1.0,	0.0
2013-08-30T02:33:52.000,	80.53,	19.73,	9.13,	20.0,	1.0,	0.0
2013-08-30T02:33:56.000,	81.92,	19.84,	9.08,	20.4,	1.0,	0.0
2013-08-30T02:34:00.000,	80.0,	20.0,	9.0,	20.0,	1.0,	0.0
2013-08-30T02:34:04.000,	88.0,	20.0,	9.0,	22.0,	1.0,	0.0
2013-08-30T02:34:08.000,	76.0,	16.0,	9.0,	20.0,	1.0,	0.0
2013-08-30T02:34:12.000,	80.0,	18.0,	10.0,	22.0,	1.0,	0.0
2013-08-30T02:34:16.000,	92.0,	20.0,	10.0,	22.0,	1.0,	0.0
2013-08-30T02:34:20.000,	80.0,	18.0,	10.0,	22.0,	1.0,	0.0
2013-08-30T02:34:24.000,	76.0,	20.0,	10.0,	22.0,	1.0,	0.0
2013-08-30T02:34:28.000,	88.0,	18.0,	11.0,	24.0,	1.0,	0.0
2013-08-30T02:34:32.000,	88.0,	20.0,	10.0,	20.0,	1.0,	0.0
2013-08-30T02:34:36.000,	76.0,	18.0,	10.0,	20.0,	1.0,	0.0
2013-08-30T02:34:40.000,	80.0,	20.0,	10.0,	20.0,	1.0,	0.0
2013-08-30T02:34:44.000,	84.0,	20.0,	10.0,	22.0,	1.0,	0.0
2013-08-30T02:34:48.000,	88.0,	20.0,	9.0,	20.0,	1.0,	0.0
2013-08-30T02:34:52.000,	80.0,	18.0,	9.0,	20.0,	1.0,	0.0
2013-08-30T02:34:56.000,	84.0,	20.0,	10.0,	22.0,	1.0,	0.0
2013-08-30T02:35:00.000,	88.0,	18.0,	10.0,	22.0,	1.0,	0.0
2013-08-30T02:35:04.000,	80.0,	18.0,	11.0,	22.0,	1.0,	0.0
2013-08-30T02:35:08.000,	88.0,	18.0,	11.0,	22.0,	1.0,	0.0
2013-08-30T02:35:12.000,	80.0,	18.0,	10.0,	22.0,	1.0,	0.0
2013-08-30T02:35:16.000,	80.0,	18.0,	9.0,	22.0,	1.0,	0.0
2013-08-30T02:35:20.000,	80.0,	18.0,	10.0,	20.0,	1.0,	0.0
2013-08-30T02:35:24.000,	88.0,	20.0,	12.0,	20.0,	1.0,	0.0
2013-08-30T02:35:28.000,	76.0,	16.0,	10.0,	22.0,	1.0,	0.0
2013-08-30T02:35:32.000,	80.0,	18.0,	10.0,	22.0,	1.0,	0.0
2013-08-30T02:35:36.000,	72.0,	18.0,	11.0,	22.0,	1.0,	0.0
2013-08-30T02:35:40.000,	84.0,	20.0,	9.0,	22.0,	1.0,	0.0
2013-08-30T02:35:44.000,	88.0,	20.0,	10.0,	22.0,	1.0,	0.0
2013-08-30T02:35:48.000,	76.0,	18.0,	10.0,	20.0,	1.0,	0.0
2013-08-30T02:35:52.000,	76.0,	16.0,	10.0,	22.0,	1.0,	0.0
2013-08-30T02:35:56.000,	68.0,	18.0,	10.0,	20.0,	1.0,	0.0
2013-08-30T02:36:00.000,	80.0,	18.0,	10.0,	22.0,	1.0,	0.0
2013-08-30T02:36:04.000,	84.0,	20.0,	10.0,	22.0,	1.0,	0.0
2013-08-30T02:36:08.000,	88.0,	20.0,	10.0,	22.0,	1.0,	0.0
2013-08-30T02:36:12.000,	76.0,	18.0,	10.0,	22.0,	1.0,	0.0
2013-08-30T02:36:16.000,	80.0,	18.0,	9.0,	22.0,	1.0,	0.0
2013-08-30T02:36:20.000,	76.0,	18.0,	10.0,	22.0,	1.0,	0.0
2013-08-30T02:36:24.000,	76.0,	18.0,	12.0,	22.0,	1.0,	0.0
2013-08-30T02:36:28.000,	84.0,	20.0,	10.0,	22.0,	1.0,	0.0
2013-08-30T02:36:32.000,	76.0,	16.0,	10.0,	22.0,	1.0,	0.0
2013-08-30T02:36:36.000,	84.0,	18.0,	10.0,	22.0,	1.0,	0.0
2013-08-30T02:36:40.000,	80.0,	18.0,	10.0,	24.0,	1.0,	0.0
2013-08-30T02:36:44.000,	68.0,	15.0,	9.0,	22.0,	1.0,	0.0
2013-08-30T02:36:48.000,	80.0,	18.0,	9.0,	22.0,	1.0,	0.0
2013-08-30T02:36:52.000,	76.0,	16.0,	10.0,	24.0,	1.0,	0.0
2013-08-30T02:36:56.000,	80.0,	18.0,	10.0,	22.0,	1.0,	0.0
2013-08-30T02:37:00.000,	80.0,	18.0,	11.0,	22.0,	1.0,	0.0
2013-08-30T02:37:04.000,	72.0,	18.0,	10.0,	22.0,	1.0,	0.0
2013-08-30T02:37:08.000,	76.0,	16.0,	10.0,	22.0,	1.0,	0.0
2013-08-30T02:37:12.000,	72.0,	16.0,	11.0,	24.0,	1.0,	0.0
2013-08-30T02:37:16.000,	76.0,	16.0,	10.0,	22.0,	1.0,	0.0
2013-08-30T02:37:20.000,	84.0,	18.0,	11.0,	20.0,	1.0,	0.0
2013-08-30T02:37:24.000,	84.0,	18.0,	11.0,	24.0,	1.0,	0.0
2013-08-30T02:37:28.000,	68.0,	16.0,	10.0,	24.0,	1.0,	0.0
2013-08-30T02:37:32.000,	71.84,	16.4,	10.2,	24.0,	1.0,	0.0
2013-08-30T02:37:36.000,	70.92,	16.22,	10.11,	24.0,	1.0,	0.0
2013-08-30T02:37:40.000,	71.58,	16.24,	10.12,	24.0,	1.0,	0.0
2013-08-30T02:37:44.000,	71.46,	16.16,	10.08,	24.0,	0.0,	0.0
2013-08-30T02:37:48.000,	71.46,	16.1,	10.05,	24.0,	0.0,	0.0
2013-08-30T02:37:52.000,	71.2,	16.0,	10.0,	24.0,	0.0,	0.0
2013-08-30T02:37:56.000,	71.73,	16.0,	10.0,	24.0,	0.0,	0.0
2013-08-30T02:38:00.000,	72.27,	16.0,	10.0,	22.0,	0.0,	0.0
2013-08-30T02:38:04.000,	72.8,	16.0,	10.0,	22.88,	0.0,	0.0
2013-08-30T02:38:08.000,	73.33,	16.0,	10.0,	22.8,	0.0,	0.0
2013-08-30T02:38:12.000,	73.87,	16.0,	10.0,	23.2,	1.0,	0.0
2013-08-30T02:38:16.000,	74.22,	16.0,	10.04,	22.72,	1.0,	0.0
2013-08-30T02:38:20.000,	74.93,	16.0,	10.0,	24.0,	1.0,	0.0
2013-08-30T02:38:24.000,	74.56,	16.0,	10.2,	20.0,	1.0,	0.0
2013-08-30T02:38:28.000,	76.0,	16.0,	10.0,	24.0,	1.0,	0.0
2013-08-30T02:38:32.000,	72.0,	16.0,	11.0,	22.0,	1.0,	0.0
2013-08-30T02:38:36.000,	76.0,	16.0,	10.0,	24.0,	1.0,	0.0
2013-08-30T02:38:40.000,	64.0,	13.0,	10.0,	22.0,	1.0,	0.0
2013-08-30T02:38:44.000,	68.0,	15.0,	10.0,	24.0,	1.0,	0.0
2013-08-30T02:38:48.000,	72.0,	15.0,	10.0,	24.0,	1.0,	0.0
2013-08-30T02:38:52.000,	76.0,	16.0,	10.0,	24.0,	1.0,	0.0
2013-08-30T02:38:56.000,	80.0,	16.0,	11.0,	22.0,	1.0,	0.0
2013-08-30T02:39:00.000,	72.0,	16.0,	11.0,	24.0,	1.0,	0.0
2013-08-30T02:39:04.000,	72.0,	18.0,	10.0,	24.0,	1.0,	0.0
2013-08-30T02:39:08.000,	72.0,	15.0,	12.0,	22.0,	1.0,	0.0
2013-08-30T02:39:12.000,	64.0,	14.0,	12.0,	24.0,	1.0,	0.0
2013-08-30T02:39:16.000,	68.0,	16.0,	10.0,	22.0,	1.0,	0.0
2013-08-30T02:39:20.000,	68.0,	13.0,	11.0,	22.0,	1.0,	0.0
2013-08-30T02:39:24.000,	72.0,	16.0,	11.0,	24.0,	1.0,	0.0
2013-08-30T02:39:28.000,	72.0,	14.0,	10.0,	22.0,	1.0,	0.0
2013-08-30T02:39:32.000,	72.0,	15.0,	10.0,	24.0,	1.0,	0.0
2013-08-30T02:39:36.000,	76.0,	16.0,	11.0,	22.0,	1.0,	0.0
2013-08-30T02:39:40.000,	64.0,	15.0,	11.0,	24.0,	1.0,	0.0
2013-08-30T02:39:44.000,	64.0,	15.0,	11.0,	22.0,	1.0,	0.0
2013-08-30T02:39:48.000,	72.0,	16.0,	11.0,	22.0,	1.0,	0.0
2013-08-30T02:39:52.000,	72.0,	16.0,	11.0,	22.0,	1.0,	0.0
2013-08-30T02:39:56.000,	72.0,	18.0,	10.0,	24.0,	1.0,	0.0
2013-08-30T02:40:00.000,	68.0,	16.0,	11.0,	24.0,	1.0,	0.0
2013-08-30T02:40:04.000,	64.0,	14.0,	12.0,	26.0,	1.0,	0.0
2013-08-30T02:40:08.000,	72.0,	16.0,	12.0,	24.0,	1.0,	0.0
2013-08-30T02:40:12.000,	64.0,	15.0,	11.0,	24.0,	1.0,	0.0
2013-08-30T02:40:16.000,	56.0,	13.0,	10.0,	24.0,	1.0,	0.0
2013-08-30T02:40:20.000,	68.0,	14.0,	11.0,	26.0,	1.0,	0.0
2013-08-30T02:40:24.000,	64.0,	16.0,	11.0,	22.0,	1.0,	0.0
2013-08-30T02:40:28.000,	68.0,	15.0,	11.0,	24.0,	1.0,	0.0
2013-08-30T02:40:32.000,	72.0,	16.0,	11.0,	24.0,	1.0,	0.0
2013-08-30T02:40:36.000,	72.0,	16.0,	13.0,	22.0,	1.0,	0.0
2013-08-30T02:40:40.000,	68.0,	15.0,	10.0,	24.0,	1.0,	0.0
2013-08-30T02:40:44.000,	68.0,	15.0,	11.0,	24.0,	1.0,	0.0
2013-08-30T02:40:48.000,	60.0,	13.0,	12.0,	24.0,	1.0,	0.0
2013-08-30T02:40:52.000,	68.0,	16.0,	13.0,	26.0,	1.0,	0.0
2013-08-30T02:40:56.000,	64.0,	15.0,	12.0,	24.0,	1.0,	0.0
2013-08-30T02:41:00.000,	64.0,	15.0,	12.0,	24.0,	1.0,	0.0
2013-08-30T02:41:04.000,	64.0,	15.0,	12.0,	24.0,	1.0,	0.0
2013-08-30T02:41:08.000,	68.0,	16.0,	10.0,	24.0,	1.0,	0.0
2013-08-30T02:41:12.000,	60.0,	15.0,	12.0,	24.0,	1.0,	0.0
2013-08-30T02:41:16.000,	72.0,	16.0,	12.0,	24.0,	1.0,	0.0
2013-08-30T02:41:20.000,	64.0,	15.0,	11.0,	24.0,	1.0,	0.0
2013-08-30T02:41:24.000,	68.0,	15.0,	12.0,	24.0,	1.0,	0.0
2013-08-30T02:41:28.000,	68.0,	14.0,	12.0,	24.0,	1.0,	0.0
2013-08-30T02:41:32.000,	68.0,	15.0,	11.0,	24.0,	1.0,	0.0
2013-08-30T02:41:36.000,	60.0,	14.0,	11.0,	24.0,	1.0,	0.0
2013-08-30T02:41:40.000,	60.0,	14.0,	11.0,	24.0,	1.0,	0.0
2013-08-30T02:41:44.000,	68.0,	15.0,	11.0,	24.0,	1.0,	0.0
2013-08-30T02:41:48.000,	68.0,	16.0,	13.0,	26.0,	1.0,	0.0
2013-08-30T02:41:52.000,	60.0,	15.0,	11.0,	24.0,	1.0,	0.0
2013-08-30T02:41:56.000,	68.0,	16.0,	12.0,	24.0,	1.0,	0.0
2013-08-30T02:42:00.000,	60.0,	13.0,	13.0,	24.0,	1.0,	0.0
2013-08-30T02:42:04.000,	60.0,	13.0,	13.0,	24.0,	1.0,	0.0
2013-08-30T02:42:08.000,	64.0,	16.0,	12.0,	26.0,	1.0,	0.0
2013-08-30T02:42:12.000,	64.0,	14.0,	11.0,	26.0,	1.0,	0.0
2013-08-30T02:42:16.000,	64.0,	14.0,	13.0,	26.0,	1.0,	0.0
2013-08-30T02:42:20.000,	64.0,	14.0,	11.0,	26.0,	1.0,	0.0
2013-08-30T02:42:24.000,	64.0,	15.0,	12.0,	26.0,	1.0,	0.0
2013-08-30T02:42:28.000,	60.0,	13.0,	12.0,	24.0,	1.0,	0.0
2013-08-30T02:42:32.000,	60.0,	15.0,	12.0,	24.0,	1.0,	0.0
2013-08-30T02:42:36.000,	60.0,	14.0,	12.0,	24.0,	1.0,	0.0
2013-08-30T02:42:40.000,	64.0,	14.0,	12.0,	24.0,	1.0,	0.0
2013-08-30T02:42:44.000,	60.0,	13.0,	14.0,	26.0,	1.0,	0.0
2013-08-30T02:42:48.000,	56.0,	14.0,	13.0,	24.0,	1.0,	0.0
2013-08-30T02:42:52.000,	60.0,	15.0,	12.0,	24.0,	1.0,	0.0
2013-08-30T02:42:56.000,	60.0,	14.0,	12.0,	24.0,	1.0,	0.0
2013-08-30T02:43:00.000,	52.0,	12.0,	12.0,	24.0,	1.0,	0.0
2013-08-30T02:43:04.000,	64.0,	15.0,	13.0,	26.0,	1.0,	0.0
2013-08-30T02:43:08.000,	60.0,	16.0,	11.0,	24.0,	1.0,	0.0
2013-08-30T02:43:12.000,	64.0,	14.0,	12.0,	26.0,	1.0,	0.0
2013-08-30T02:43:16.000,	56.0,	14.0,	12.0,	26.0,	1.0,	0.0
2013-08-30T02:43:20.000,	60.0,	14.0,	14.0,	28.0,	1.0,	0.0
2013-08-30T02:43:24.000,	56.0,	13.0,	13.0,	26.0,	1.0,	0.0
2013-08-30T02:43:28.000,	60.0,	15.0,	13.0,	24.0,	1.0,	0.0
2013-08-30T02:43:32.000,	52.0,	14.0,	14.0,	24.0,	1.0,	0.0
2013-08-30T02:43:36.000,	56.0,	13.0,	12.0,	26.0,	1.0,	0.0
2013-08-30T02:43:40.000,	64.0,	16.0,	14.0,	28.0,	1.0,	0.0
2013-08-30T02:43:44.000,	56.0,	15.0,	13.0,	26.0,	1.0,	0.0
2013-08-30T02:43:48.000,	60.0,	15.0,	14.0,	26.0,	1.0,	0.0
2013-08-30T02:43:52.000,	64.0,	15.0,	12.0,	26.0,	1.0,	0.0
2013-08-30T02:43:56.000,	60.0,	13.0,	12.0,	26.0,	1.0,	0.0
2013-08-30T02:44:00.000,	60.0,	14.0,	13.0,	26.0,	1.0,	0.0
2013-08-30T02:44:04.000,	60.0,	13.0,	12.0,	24.0,	1.0,	0.0
2013-08-30T02:44:08.000,	56.0,	13.0,	13.0,	26.0,	1.0,	0.0
2013-08-30T02:44:12.000,	60.0,	13.0,	14.0,	26.0,	1.0,	0.0
2013-08-30T02:44:16.000,	64.0,	15.0,	13.0,	26.0,	1.0,	0.0
2013-08-30T02:44:20.000,	60.0,	14.0,	12.0,	24.0,	1.0,	0.0
2013-08-30T02:44:24.000,	56.0,	13.0,	12.0,	26.0,	1.0,	0.0
2013-08-30T02:44:28.000,	56.0,	13.0,	13.0,	28.0,	1.0,	0.0
2013-08-30T02:44:32.000,	64.0,	16.0,	13.0,	24.0,	1.0,	0.0
2013-08-30T02:44:36.000,	64.0,	15.0,	13.0,	26.0,	1.0,	0.0
2013-08-30T02:44:40.000,	60.0,	16.0,	14.0,	28.0,	1.0,	0.0
2013-08-30T02:44:44.000,	60.0,	13.0,	14.0,	24.0,	1.0,	0.0
2013-08-30T02:44:48.000,	56.0,	15.0,	14.0,	26.0,	1.0,	0.0
2013-08-30T02:44:52.000,	52.0,	13.0,	14.0,	24.0,	1.0,	0.0
2013-08-30T02:44:56.000,	56.0,	13.0,	13.0,	26.0,	1.0,	0.0
2013-08-30T02:45:00.000,	56.0,	14.0,	14.0,	26.0,	1.0,	0.0
2013-08-30T02:45:04.000,	56.0,	14.0,	14.0,	26.0,	1.0,	0.0
2013-08-30T02:45:08.000,	48.0,	13.0,	14.0,	26.0,	1.0,	0.0
2013-08-30T02:45:12.000,	64.0,	15.0,	15.0,	28.0,	1.0,	0.0
2013-08-30T02:45:16.000,	56.0,	15.0,	13.0,	28.0,	1.0,	0.0
2013-08-30T02:45:20.000,	60.0,	14.0,	13.0,	26.0,	1.0,	0.0
2013-08-30T02:45:24.000,	60.0,	15.0,	13.0,	26.0,	1.0,	0.0
2013-08-30T02:45:28.000,	60.0,	15.0,	13.0,	24.0,	1.0,	0.0
2013-08-30T02:45:32.000,	60.0,	15.0,	14.0,	28.0,	1.0,	0.0
2013-08-30T02:45:36.000,	60.0,	15.0,	14.0,	28.0,	1.0,	0.0
2013-08-30T02:45:40.000,	60.0,	15.0,	14.0,	28.0,	1.0,	0.0
2013-08-30T02:45:44.000,	60.0,	16.0,	14.0,	28.0,	1.0,	0.0
2013-08-30T02:45:48.000,	60.0,	16.0,	14.0,	26.0,	1.0,	0.0
2013-08-30T02:45:52.000,	64.0,	16.0,	13.0,	26.0,	1.0,	0.0
2013-08-30T02:45:56.000,	64.0,	16.0,	14.0,	26.0,	1.0,	0.0
2013-08-30T02:46:00.000,	60.0,	16.0,	15.0,	28.0,	1.0,	0.0
2013-08-30T02:46:04.000,	52.0,	14.0,	14.0,	26.0,	1.0,	0.0
2013-08-30T02:46:08.000,	56.0,	14.0,	15.0,	28.0,	1.0,	0.0
2013-08-30T02:46:12.000,	64.0,	16.0,	14.0,	26.0,	1.0,	0.0
2013-08-30T02:46:16.000,	52.0,	14.0,	13.0,	26.0,	1.0,	0.0
2013-08-30T02:46:20.000,	60.0,	15.0,	13.0,	28.0,	1.0,	0.0
2013-08-30T02:46:24.000,	56.0,	16.0,	14.0,	28.0,	1.0,	0.0
2013-08-30T02:46:28.000,	60.0,	15.0,	13.0,	28.0,	1.0,	0.0
2013-08-30T02:46:32.000,	60.0,	15.0,	13.0,	28.0,	1.0,	0.0
2013-08-30T02:46:36.000,	60.0,	16.0,	16.0,	28.0,	1.0,	0.0
2013-08-30T02:46:40.000,	56.0,	15.0,	15.0,	28.0,	1.0,	0.0
2013-08-30T02:46:44.000,	52.0,	14.0,	15.0,	26.0,	1.0,	0.0
2013-08-30T02:46:48.000,	56.0,	14.0,	14.0,	30.0,	1.0,	0.0
2013-08-30T02:46:52.000,	52.0,	15.0,	14.0,	28.0,	1.0,	0.0
2013-08-30T02:46:56.000,	60.0,	16.0,	15.0,	28.0,	1.0,	0.0
2013-08-30T02:47:00.000,	60.0,	16.0,	14.0,	26.0,	1.0,	0.0
2013-08-30T02:47:04.000,	56.0,	15.0,	13.0,	28.0,	1.0,	0.0
2013-08-30T02:47:08.000,	60.0,	15.0,	13.0,	28.0,	1.0,	0.0
2013-08-30T02:47:12.000,	56.0,	14.0,	13.0,	28.0,	1.0,	0.0
2013-08-30T02:47:16.000,	60.0,	16.0,	14.0,	26.0,	1.0,	0.0
2013-08-30T02:47:20.000,	52.0,	16.0,	14.0,	30.0,	1.0,	0.0
2013-08-30T02:47:24.000,	56.0,	16.17,	14.14,	28.37,	1.0,	0.0
2013-08-30T02:47:28.000,	54.24,	16.3,	14.24,	28.09,	1.0,	0.0
2013-08-30T02:47:32.000,	54.4,	16.44,	14.36,	27.35,	1.0,	0.0
2013-08-30T02:47:36.000,	53.6,	16.57,	14.47,	26.85,	1.0,	0.0
2013-08-30T02:47:40.000,	53.76,	16.71,	14.58,	26.3,	1.0,	0.0
2013-08-30T02:47:44.000,	52.0,	16.84,	14.69,	25.83,	1.0,	0.0
2013-08-30T02:47:48.000,	56.0,	16.98,	14.81,	25.14,	1.0,	0.0
2013-08-30T02:47:52.000,	52.0,	17.09,	14.57,	25.02,	1.0,	0.0
2013-08-30T02:47:56.000,	56.0,	17.26,	15.04,	23.75,	1.0,	0.0
2013-08-30T02:48:00.000,	56.0,	17.25,	13.37,	25.92,	1.0,	0.0
2013-08-30T02:48:04.000,	56.0,	14.94,	13.38,	28.1,	1.0,	0.0
2013-08-30T02:48:08.000,	56.0,	16.08,	13.39,	25.95,	1.0,	0.0
2013-08-30T02:48:12.000,	52.0,	16.07,	13.39,	23.8,	1.0,	0.0
2013-08-30T02:48:16.000,	52.0,	14.91,	15.07,	28.14,	1.0,	0.0
2013-08-30T02:48:20.000,	52.0,	14.91,	13.4,	23.82,	1.0,	0.0
2013-08-30T02:48:24.000,	56.0,	16.04,	13.41,	28.16,	1.0,	0.0
2013-08-30T02:48:28.000,	52.0,	14.89,	13.42,	26.01,	1.0,	0.0
2013-08-30T02:48:32.000,	52.0,	14.88,	11.75,	26.02,	1.0,	0.0
2013-08-30T02:48:36.000,	52.0,	14.87,	15.11,	28.2,	1.0,	0.0
2013-08-30T02:48:40.000,	52.0,	16.01,	15.12,	28.22,	1.0,	0.0
2013-08-30T02:48:44.000,	46.0,	13.71,	13.44,	26.06,	1.0,	0.0
2013-08-30T02:48:48.000,	52.0,	14.85,	15.13,	28.25,	1.0,	0.0
2013-08-30T02:48:52.000,	46.0,	13.7,	16.82,	26.08,	1.0,	0.0
2013-08-30T02:48:56.000,	60.0,	18.25,	15.15,	28.27,	1.0,	0.0
2013-08-30T02:49:00.000,	56.0,	15.96,	15.15,	26.11,	1.0,	0.0
2013-08-30T02:49:04.000,	56.0,	14.81,	15.16,	28.3,	1.0,	0.0
2013-08-30T02:49:08.000,	48.0,	14.8,	13.48,	23.96,	1.0,	0.0
2013-08-30T02:49:12.000,	56.0,	15.93,	15.18,	28.33,	1.0,	0.0
2013-08-30T02:49:16.000,	56.0,	17.06,	13.5,	28.34,	1.0,	0.0
2013-08-30T02:49:20.000,	52.0,	13.64,	15.19,	23.99,	1.0,	0.0
2013-08-30T02:49:24.000,	56.0,	15.91,	13.51,	28.37,	1.0,	0.0
2013-08-30T02:49:28.000,	56.0,	15.9,	15.2,	28.38,	1.0,	0.0
2013-08-30T02:49:32.000,	52.0,	14.75,	13.52,	28.39,	1.0,	0.0
2013-08-30T02:49:36.000,	52.0,	15.88,	13.53,	26.22,	1.0,	0.0
2013-08-30T02:49:40.000,	56.0,	15.87,	15.23,	28.42,	1.0,	0.0
2013-08-30T02:49:44.000,	52.0,	14.73,	13.54,	28.44,	1.0,	0.0
2013-08-30T02:49:48.000,	52.0,	15.85,	15.24,	30.64,	1.0,	0.0
2013-08-30T02:49:52.000,	48.0,	13.58,	15.25,	30.65,	1.0,	0.0
2013-08-30T02:49:56.000,	56.0,	18.09,	15.26,	28.48,	1.0,	0.0
2013-08-30T02:50:00.000,	56.0,	16.95,	16.96,	30.68,	1.0,	0.0
2013-08-30T02:50:04.000,	56.0,	14.69,	13.57,	28.5,	1.0,	0.0
2013-08-30T02:50:08.000,	52.0,	14.68,	16.97,	26.32,	1.0,	0.0
2013-08-30T02:50:12.000,	52.0,	15.8,	15.28,	24.14,	1.0,	0.0
2013-08-30T02:50:16.000,	52.0,	13.53,	16.99,	28.54,	1.0,	0.0
2013-08-30T02:50:20.000,	56.0,	14.65,	17.0,	30.76,	1.0,	0.0
2013-08-30T02:50:24.000,	52.0,	15.77,	17.01,	26.37,	1.0,	0.0
2013-08-30T02:50:28.000,	52.0,	16.89,	15.31,	26.39,	1.0,	0.0
2013-08-30T02:50:32.000,	56.0,	15.75,	15.32,	30.8,	1.0,	0.0
2013-08-30T02:50:36.000,	52.0,	13.49,	15.33,	26.41,	1.0,	0.0
2013-08-30T02:50:40.000,	56.0,	14.61,	17.04,	28.63,	1.0,	0.0
2013-08-30T02:50:44.000,	52.0,	15.72,	15.34,	28.64,	1.0,	0.0
2013-08-30T02:50:48.000,	52.0,	17.96,	17.06,	30.86,	1.0,	0.0
2013-08-30T02:50:52.000,	46.0,	14.58,	13.65,	28.67,	1.0,	0.0
2013-08-30T02:50:56.000,	48.0,	14.57,	13.66,	26.47,	1.0,	0.0
2013-08-30T02:51:00.000,	52.0,	14.57,	11.96,	28.69,	1.0,	0.0
2013-08-30T02:51:04.000,	56.0,	15.68,	15.38,	28.71,	1.0,	0.0
2013-08-30T02:51:08.000,	52.0,	15.67,	15.39,	26.51,	1.0,	0.0
2013-08-30T02:51:12.000,	52.0,	14.54,	15.39,	26.52,	1.0,	0.0
2013-08-30T02:51:16.000,	52.0,	16.77,	15.4,	28.75,	1.0,	0.0
2013-08-30T02:51:20.000,	52.0,	14.52,	15.41,	28.76,	1.0,	0.0
2013-08-30T02:51:24.000,	52.0,	15.63,	17.13,	30.99,	1.0,	0.0
2013-08-30T02:51:28.000,	48.0,	15.62,	15.42,	28.79,	1.0,	0.0
2013-08-30T02:51:32.000,	52.0,	16.73,	13.72,	28.8,	1.0,	0.0
2013-08-30T02:51:36.000,	52.0,	15.6,	15.44,	31.03,	1.0,	0.0
2013-08-30T02:51:40.000,	46.0,	13.37,	13.73,	28.83,	1.0,	0.0
2013-08-30T02:51:44.000,	52.0,	15.59,	17.17,	28.84,	1.0,	0.0
2013-08-30T02:51:48.000,	52.0,	15.58,	17.18,	26.64,	1.0,	0.0
2013-08-30T02:51:52.000,	52.0,	15.57,	15.47,	26.65,	1.0,	0.0
2013-08-30T02:51:56.000,	52.0,	13.34,	15.47,	28.89,	1.0,	0.0
2013-08-30T02:52:00.000,	52.0,	14.44,	12.04,	28.9,	1.0,	0.0
2013-08-30T02:52:04.000,	52.0,	15.54,	17.21,	28.91,	1.0,	0.0
2013-08-30T02:52:08.000,	48.0,	15.53,	15.5,	28.93,	1.0,	0.0
2013-08-30T02:52:12.000,	48.0,	14.41,	17.23,	26.71,	1.0,	0.0
2013-08-30T02:52:16.000,	56.0,	15.51,	17.23,	31.18,	1.0,	0.0
2013-08-30T02:52:20.000,	48.0,	16.61,	15.52,	28.97,	1.0,	0.0
2013-08-30T02:52:24.000,	48.0,	14.39,	15.53,	31.21,	1.0,	0.0
2013-08-30T02:52:28.000,	48.0,	17.7,	17.26,	28.99,	1.0,	0.0
2013-08-30T02:52:32.000,	56.0,	14.37,	18.99,	29.01,	1.0,	0.0
2013-08-30T02:52:36.000,	48.0,	15.47,	13.82,	29.02,	1.0,	0.0
2013-08-30T02:52:40.000,	52.0,	14.35,	15.55,	29.03,	1.0,	0.0
2013-08-30T02:52:44.000,	52.0,	14.34,	15.56,	33.52,	1.0,	0.0
2013-08-30T02:52:48.000,	52.0,	15.44,	15.57,	31.3,	1.0,	0.0
2013-08-30T02:52:52.000,	46.0,	15.43,	15.58,	26.84,	1.0,	0.0
2013-08-30T02:52:56.000,	52.0,	16.52,	15.58,	29.09,	1.0,	0.0
2013-08-30T02:53:00.000,	52.0,	14.31,	13.86,	26.86,	1.0,	0.0
2013-08-30T02:53:04.000,	52.0,	14.3,	15.6,	31.36,	1.0,	0.0
2013-08-30T02:53:08.000,	52.0,	16.49,	13.87,	31.37,	1.0,	0.0
2013-08-30T02:53:12.000,	48.0,	15.38,	13.88,	26.9,	1.0,	0.0
2013-08-30T02:53:16.000,	48.0,	15.37,	15.62,	26.91,	1.0,	0.0
2013-08-30T02:53:20.000,	52.0,	14.27,	15.63,	29.17,	1.0,	0.0
2013-08-30T02:53:24.000,	48.0,	13.16,	15.63,	29.18,	1.0,	0.0
2013-08-30T02:53:28.000,	46.0,	13.15,	13.9,	29.2,	1.0,	0.0
2013-08-30T02:53:32.000,	48.0,	14.24,	15.65,	24.72,	1.0,	0.0
2013-08-30T02:53:36.000,	48.0,	14.23,	15.66,	26.98,	1.0,	0.0
2013-08-30T02:53:40.000,	52.0,	14.23,	15.66,	29.24,	1.0,	0.0
2013-08-30T02:53:44.000,	52.0,	15.31,	15.67,	29.25,	1.0,	0.0
2013-08-30T02:53:48.000,	52.0,	14.21,	13.94,	29.27,	1.0,	0.0
2013-08-30T02:53:52.000,	46.0,	14.2,	15.69,	27.03,	1.0,	0.0
2013-08-30T02:53:56.000,	48.0,	14.19,	17.44,	29.29,	1.0,	0.0
2013-08-30T02:54:00.000,	52.0,	14.18,	15.7,	29.31,	1.0,	0.0
2013-08-30T02:54:04.000,	48.0,	14.17,	15.71,	27.07,	1.0,	0.0
2013-08-30T02:54:08.000,	52.0,	15.26,	13.97,	29.33,	1.0,	0.0
2013-08-30T02:54:12.000,	52.0,	14.16,	15.72,	31.61,	1.0,	0.0
2013-08-30T02:54:16.000,	48.0,	13.06,	15.73,	27.1,	1.0,	0.0
2013-08-30T02:54:20.000,	48.0,	11.96,	15.74,	29.38,	1.0,	0.0
2013-08-30T02:54:24.000,	48.0,	11.96,	15.74,	24.87,	1.0,	0.0
2013-08-30T02:54:28.000,	52.0,	15.21,	17.5,	29.4,	1.0,	0.0
2013-08-30T02:54:32.000,	44.0,	13.03,	17.51,	24.89,	1.0,	0.0
2013-08-30T02:54:36.000,	48.0,	14.11,	14.01,	31.69,	1.0,	0.0
2013-08-30T02:54:40.000,	48.0,	14.1,	15.77,	31.71,	1.0,	0.0
2013-08-30T02:54:44.000,	52.0,	16.26,	14.03,	31.72,	1.0,	0.0
2013-08-30T02:54:48.000,	52.0,	14.08,	14.03,	29.47,	1.0,	0.0
2013-08-30T02:54:52.000,	52.0,	14.07,	14.04,	29.48,	1.0,	0.0
2013-08-30T02:54:56.000,	52.0,	15.15,	17.56,	31.77,	1.0,	0.0
2013-08-30T02:55:00.000,	48.0,	12.97,	15.81,	29.51,	1.0,	0.0
2013-08-30T02:55:04.000,	48.0,	15.13,	15.82,	29.53,	1.0,	0.0
2013-08-30T02:55:08.000,	48.0,	14.04,	15.82,	29.54,	1.0,	0.0
2013-08-30T02:55:12.000,	52.0,	14.03,	17.59,	34.1,	1.0,	0.0
2013-08-30T02:55:16.000,	46.0,	11.86,	15.84,	29.57,	1.0,	0.0
2013-08-30T02:55:20.000,	44.0,	14.01,	14.09,	29.58,	1.0,	0.0
2013-08-30T02:55:24.000,	46.0,	11.85,	14.09,	29.59,	1.0,	0.0
2013-08-30T02:55:28.000,	52.0,	15.07,	15.86,	31.88,	1.0,	0.0
2013-08-30T02:55:32.000,	48.0,	15.06,	14.1,	27.34,	1.0,	0.0
2013-08-30T02:55:36.000,	48.0,	12.9,	15.88,	29.63,	1.0,	0.0
2013-08-30T02:55:40.000,	48.0,	13.97,	17.65,	31.93,	1.0,	0.0
2013-08-30T02:55:44.000,	48.0,	13.96,	15.89,	27.38,	1.0,	0.0
2013-08-30T02:55:48.000,	52.0,	16.1,	15.9,	27.39,	1.0,	0.0
2013-08-30T02:55:52.000,	52.0,	12.87,	15.9,	27.4,	1.0,	0.0
2013-08-30T02:55:56.000,	48.0,	12.86,	15.91,	34.27,	1.0,	0.0
2013-08-30T02:56:00.000,	48.0,	12.86,	15.92,	32.0,	1.0,	0.0
2013-08-30T02:56:04.000,	48.0,	12.85,	15.93,	27.44,	1.0,	0.0
2013-08-30T02:56:08.000,	48.0,	14.98,	14.16,	29.74,	1.0,	0.0
2013-08-30T02:56:12.000,	52.0,	12.83,	15.94,	29.76,	1.0,	0.0
2013-08-30T02:56:16.000,	46.0,	12.82,	14.18,	29.77,	1.0,	0.0
2013-08-30T02:56:20.000,	44.0,	13.89,	14.18,	27.49,	1.0,	0.0
2013-08-30T02:56:24.000,	48.0,	12.81,	15.96,	27.51,	1.0,	0.0
2013-08-30T02:56:28.000,	46.0,	12.8,	14.2,	29.81,	1.0,	0.0
2013-08-30T02:56:32.000,	46.0,	12.79,	12.43,	27.53,	1.0,	0.0
2013-08-30T02:56:36.000,	46.0,	17.05,	14.21,	29.84,	1.0,	0.0
2013-08-30T02:56:40.000,	46.0,	11.71,	14.22,	25.26,	1.0,	0.0
2013-08-30T02:56:44.000,	46.0,	11.71,	14.22,	29.87,	1.0,	0.0
2013-08-30T02:56:48.000,	46.0,	12.76,	14.23,	29.88,	1.0,	0.0
2013-08-30T02:56:52.000,	46.0,	13.82,	14.23,	29.89,	1.0,	0.0
2013-08-30T02:56:56.000,	46.0,	11.68,	14.24,	25.31,	1.0,	0.0
2013-08-30T02:57:00.000,	44.0,	11.68,	14.25,	27.62,	1.0,	0.0
2013-08-30T02:57:04.000,	48.0,	12.73,	16.04,	27.63,	1.0,	0.0
2013-08-30T02:57:08.000,	48.0,	12.72,	16.04,	27.64,	1.0,	0.0
2013-08-30T02:57:12.000,	46.0,	13.77,	16.05,	29.96,	1.0,	0.0
2013-08-30T02:57:16.000,	48.0,	12.71,	14.27,	29.97,	1.0,	0.0
2013-08-30T02:57:20.000,	52.0,	13.76,	14.28,	29.99,	1.0,	0.0
2013-08-30T02:57:24.000,	48.0,	13.75,	16.07,	30.0,	1.0,	0.0
2013-08-30T02:57:28.000,	46.0,	13.74,	16.08,	32.32,	1.0,	0.0
2013-08-30T02:57:32.000,	52.0,	13.73,	17.87,	32.34,	1.0,	0.0
2013-08-30T02:57:36.000,	48.0,	13.72,	16.09,	27.73,	1.0,	0.0
2013-08-30T02:57:40.000,	44.0,	12.66,	14.31,	30.06,	1.0,	0.0
2013-08-30T02:57:44.000,	46.0,	11.6,	16.11,	30.07,	1.0,	0.0
2013-08-30T02:57:48.000,	46.0,	12.64,	14.33,	25.46,	1.0,	0.0
2013-08-30T02:57:52.000,	48.0,	12.64,	14.33,	30.1,	1.0,	0.0
2013-08-30T02:57:56.000,	46.0,	12.63,	14.34,	25.48,	1.0,	0.0
2013-08-30T02:58:00.000,	46.0,	12.62,	14.34,	25.49,	1.0,	0.0
2013-08-30T02:58:04.000,	48.0,	11.56,	14.35,	27.82,	1.0,	0.0
2013-08-30T02:58:08.000,	44.0,	9.45,	14.36,	30.15,	1.0,	0.0
2013-08-30T02:58:12.000,	46.0,	12.6,	16.16,	27.84,	1.0,	0.0
2013-08-30T02:58:16.000,	46.0,	11.54,	14.37,	30.18,	1.0,	0.0
2013-08-30T02:58:20.000,	48.0,	13.63,	14.38,	32.51,	1.0,	0.0
2013-08-30T02:58:24.000,	46.0,	13.62,	14.38,	27.88,	1.0,	0.0
2013-08-30T02:58:28.000,	46.0,	12.57,	14.39,	30.22,	1.0,	0.0
2013-08-30T02:58:32.000,	48.0,	11.51,	14.4,	27.91,	1.0,	0.0
2013-08-30T02:58:36.000,	46.0,	12.55,	14.4,	27.92,	1.0,	0.0
2013-08-30T02:58:40.000,	42.0,	11.5,	14.41,	25.6,	1.0,	0.0
2013-08-30T02:58:44.000,	46.0,	13.58,	16.22,	27.95,	1.0,	0.0
2013-08-30T02:58:48.000,	48.0,	11.48,	14.42,	27.96,	1.0,	0.0
2013-08-30T02:58:52.000,	46.0,	11.48,	16.23,	27.97,	1.0,	0.0
2013-08-30T02:58:56.000,	46.0,	13.55,	16.24,	30.31,	1.0,	0.0
2013-08-30T02:59:00.000,	40.0,	10.42,	12.64,	28.0,	1.0,	0.0
2013-08-30T02:59:04.000,	46.0,	11.45,	14.45,	25.67,	1.0,	0.0
2013-08-30T02:59:08.000,	48.0,	12.49,	18.07,	30.36,	1.0,	0.0
2013-08-30T02:59:12.000,	48.0,	12.48,	14.46,	30.37,	1.0,	0.0
2013-08-30T02:59:16.000,	46.0,	12.47,	12.66,	28.05,	1.0,	0.0
2013-08-30T02:59:20.000,	48.0,	12.46,	16.28,	28.06,	1.0,	0.0
2013-08-30T02:59:24.000,	46.0,	11.42,	12.67,	30.41,	1.0,	0.0
2013-08-30T02:59:28.000,	44.0,	11.41,	12.68,	25.74,	1.0,	0.0
2013-08-30T02:59:32.000,	46.0,	11.4,	16.31,	28.1,	1.0,	0.0
2013-08-30T02:59:36.000,	44.0,	12.43,	12.69,	28.11,	1.0,	0.0
2013-08-30T02:59:40.000,	42.0,	11.39,	12.69,	28.12,	1.0,	0.0
2013-08-30T02:59:44.000,	46.0,	13.45,	14.51,	28.13,	1.0,	0.0
2013-08-30T02:59:48.000,	44.0,	11.37,	12.7,	30.49,	1.0,	0.0
2013-08-30T02:59:52.000,	48.0,	12.4,	14.53,	28.16,	1.0,	0.0
2013-08-30T02:59:56.000,	40.0,	10.33,	12.72,	23.48,	1.0,	0.0
2013-08-30T03:00:00.000,	44.0,	11.35,	14.54,	28.18,	1.0,	0.0
2013-08-30T03:00:04.000,	52.0,	12.38,	12.73,	30.55,	1.0,	0.0
2013-08-30T03:00:08.000,	44.0,	12.37,	16.37,	28.21,	1.0,	0.0
2013-08-30T03:00:12.000,	44.0,	10.3,	12.74,	28.22,	1.0,	0.0
2013-08-30T03:00:16.000,	44.0,	11.32,	14.57,	28.23,	1.0,	0.0
2013-08-30T03:00:20.000,	42.0,	12.35,	14.57,	25.89,	1.0,	0.0
2013-08-30T03:00:24.000,	44.0,	12.34,	14.58,	25.9,	1.0,	0.0
2013-08-30T03:00:28.000,	46.0,	11.3,	12.76,	25.92,	1.0,	0.0
2013-08-30T03:00:32.000,	42.0,	10.27,	12.77,	25.93,	1.0,	0.0
2013-08-30T03:00:36.000,	46.0,	11.29,	14.6,	28.3,	1.0,	0.0
2013-08-30T03:00:40.000,	44.0,	10.26,	14.6,	28.31,	1.0,	0.0
2013-08-30T03:00:44.000,	44.0,	10.25,	14.61,	25.96,	1.0,	0.0
2013-08-30T03:00:48.000,	48.0,	11.27,	14.62,	30.7,	1.0,	0.0
2013-08-30T03:00:52.000,	44.0,	11.26,	12.8,	30.71,	1.0,	0.0
2013-08-30T03:00:56.000,	48.0,	12.27,	14.63,	26.0,	1.0,	0.0
2013-08-30T03:01:00.000,	42.0,	9.2,	12.81,	26.01,	1.0,	0.0
2013-08-30T03:01:04.000,	46.0,	11.24,	12.81,	26.02,	1.0,	0.0
2013-08-30T03:01:08.000,	44.0,	11.23,	14.65,	26.03,	1.0,	0.0
2013-08-30T03:01:12.000,	48.0,	12.24,	14.66,	26.04,	1.0,	0.0
2013-08-30T03:01:16.000,	44.0,	12.24,	12.83,	26.05,	1.0,	0.0
2013-08-30T03:01:20.000,	44.0,	11.21,	12.84,	26.07,	1.0,	0.0
2013-08-30T03:01:24.000,	44.0,	11.2,	14.68,	28.45,	1.0,	0.0
2013-08-30T03:01:28.000,	42.0,	10.18,	11.01,	28.46,	1.0,	0.0
2013-08-30T03:01:32.000,	44.0,	11.19,	12.85,	28.47,	1.0,	0.0
2013-08-30T03:01:36.000,	42.0,	10.16,	12.86,	28.49,	1.0,	0.0
2013-08-30T03:01:40.000,	46.0,	10.16,	12.86,	28.5,	1.0,	0.0
2013-08-30T03:01:44.000,	44.0,	11.17,	12.87,	26.13,	1.0,	0.0
2013-08-30T03:01:48.000,	46.0,	12.17,	14.71,	28.52,	1.0,	0.0
2013-08-30T03:01:52.000,	42.0,	11.15,	12.88,	26.16,	1.0,	0.0
2013-08-30T03:01:56.000,	46.0,	10.13,	12.89,	26.17,	1.0,	0.0
2013-08-30T03:02:00.000,	46.0,	12.15,	12.89,	23.8,	1.0,	0.0
2013-08-30T03:02:04.000,	42.0,	10.12,	12.9,	26.19,	1.0,	0.0
2013-08-30T03:02:08.000,	46.0,	11.12,	12.9,	28.59,	1.0,	0.0
2013-08-30T03:02:12.000,	44.0,	11.12,	14.75,	23.83,	1.0,	0.0
2013-08-30T03:02:16.000,	48.0,	10.1,	14.76,	28.61,	1.0,	0.0
2013-08-30T03:02:20.000,	40.0,	9.08,	11.07,	26.24,	1.0,	0.0
2013-08-30T03:02:24.000,	44.0,	11.09,	14.77,	28.64,	1.0,	0.0
2013-08-30T03:02:28.000,	42.0,	10.08,	12.93,	28.65,	1.0,	0.0
2013-08-30T03:02:32.000,	42.0,	10.07,	11.09,	28.66,	1.0,	0.0
2013-08-30T03:02:36.000,	42.0,	10.07,	12.94,	23.9,	1.0,	0.0
2013-08-30T03:02:40.000,	44.0,	11.06,	12.95,	28.69,	1.0,	0.0
2013-08-30T03:02:44.000,	40.0,	9.05,	11.1,	28.7,	1.0,	0.0
2013-08-30T03:02:48.000,	38.0,	9.04,	12.96,	28.71,	1.0,	0.0
2013-08-30T03:02:52.000,	30.0,	10.04,	14.82,	26.33,	1.0,	0.0
2013-08-30T03:02:56.000,	14.0,	9.03,	11.12,	28.74,	1.0,	0.0
2013-08-30T03:03:00.000,	10.0,	5.01,	11.12,	23.96,	1.0,	0.0
2013-08-30T03:03:04.000,	10.0,	6.08,	11.11,	24.92,	1.0,	0.0
2013-08-30T03:03:08.000,	10.0,	5.45,	11.1,	23.97,	1.0,	0.0
2013-08-30T03:03:12.000,	10.0,	5.84,	11.08,	24.16,	1.0,	0.0
2013-08-30T03:03:16.000,	10.0,	5.9,	11.07,	23.98,	1.0,	0.0
2013-08-30T03:03:20.000,	10.0,	6.12,	11.05,	23.98,	1.0,	0.0
2013-08-30T03:03:24.000,	10.0,	6.34,	11.04,	23.99,	1.0,	1.0
